"logLik" "logLik_se" "b1" "b2" "b3" "b4" "b5" "b6" "psi" "rho" "tau" "sigma_dem" "sigma_env" "SO_0" "IO_0" "delta" "K" "SB1_0" "SB2_0" "SB3_0" "SB4_0" "SB5_0" "SB6_0"
-795.303404960345 0.284632740711998 2.81741462119185 0.65510288655105 1.22868032316407 6.16833318560261 4.70338128553225 2.50971300792352 0.00215290836426851 0.0104893754633073 0.000988039277044192 0.0381023023414717 0.462925328414801 0.160962610975009 0.000622004241670098 0.0166667 6 4069 4565 4410 4616 4305 4032
-794.668729886118 0.490488145323924 2.85828793267295 0.897477938902332 1.3923199917861 6.04102752227019 4.72852262199987 2.5030218029299 0.00219964640777596 0.0102382441520878 0.00119786725573326 0.0447000595041725 0.460711872612867 0.173351024083412 0.000702562005934523 0.0166667 6 4069 4565 4410 4616 4305 4032
-794.98260312149 0.323271468293548 3.20469378334056 -1.52721385315737 1.54724259859037 6.12336891451226 4.67207085277562 2.3598669433766 0.00203507239709104 0.0108559841141625 0.000555568219594106 0.039877282939643 0.487334233792894 0.178517301075991 0.00112534378528621 0.0166667 6 4069 4565 4410 4616 4305 4032
-796.04145184537 0.314399866037634 2.79739596851969 0.412032940447311 1.04755186388265 5.97311753628797 4.69069036460505 2.4074519650298 0.00194879296439723 0.0120969468964085 0.00151602140753173 0.0417022250241122 0.432287455044748 0.192325263531056 0.0013638419489005 0.0166667 6 4069 4565 4410 4616 4305 4032
-795.647495938458 0.627324706108797 3.04668184985745 0.122617398913163 1.16209649831732 6.39671380054694 4.84506557795902 2.42340986282879 0.00282869755867175 0.0100972067779956 6.30560837921215e-05 0.0481137159100746 0.477505610720948 0.1480645713416 0.00114141456166555 0.0166667 6 4069 4565 4410 4616 4305 4032
-796.347339725799 0.403744524943906 2.04395239381582 1.53669110600712 0.407064098241971 5.73716748681237 4.09655587767367 2.06659879883859 0.000741444068988906 0.0165313025793615 0.000713349851268445 0.0228981438385902 0.481762925298466 0.3588863434686 0.00029707216256244 0.0166667 6 4069 4565 4410 4616 4305 4032
-795.627503037327 0.405911370028981 3.61442509657188 -3.48993422099959 1.65321413812531 5.75789290112121 4.87753059755596 2.00998059043305 0.00203226739011847 0.0119323168818833 0.00122282407784827 0.0361323388438885 0.482805307787537 0.195954693920674 0.00201869896237336 0.0166667 6 4069 4565 4410 4616 4305 4032
-795.351073916102 0.378634734766611 2.5236747308194 0.939379521416858 1.17417212913057 5.80621283549471 4.51147493973485 2.23297841351316 0.00134619864247954 0.012744889121993 6.89942660996482e-05 0.0298071116849695 0.508763991786732 0.233037940167919 0.000912324889324549 0.0166667 6 4069 4565 4410 4616 4305 4032
-794.899983194369 0.33209539893251 3.16888534193148 -0.450553191261994 1.53477462963551 6.15443610123832 4.85192721089615 2.60886884377579 0.00273085030697704 0.0100073382239809 0.0014201769380912 0.0466501972250743 0.448003558545421 0.140313875441253 0.00119844098791813 0.0166667 6 4069 4565 4410 4616 4305 4032
-795.243302019498 0.471847437841054 3.52023563863279 -0.223692909057131 1.81753131856521 6.42501795844012 4.98097087967036 2.56164079972293 0.00231925723953678 0.0127879970839411 0.00113211860850433 0.0452882099984512 0.420159939889336 0.130220540724739 0.000783002447316078 0.0166666666666667 6 4069 4565 4410 4616 4305 4032
-795.619272946829 0.488536019438093 2.76664396748126 2.04937877350022 1.22015570321818 6.63956127888962 4.82340841426335 2.85432962960216 0.00222821928544933 0.0125595916264911 0.00122172305555001 0.0450267562463315 0.439089560657841 0.127518575652944 0.000279769333979354 0.0166666666666667 6 4069 4565 4410 4616 4305 4032
-795.396515412748 0.739050335004199 3.17804967928824 -0.413429768015894 1.85479943860428 5.97918047802032 4.78953175143301 2.34043170671094 0.00135673448633244 0.0164404691509643 0.000316179949080675 0.031083294336851 0.497714227795596 0.195721809786055 0.000514793688227842 0.0166666666666667 6 4069 4565 4410 4616 4305 4032
-794.672253621386 0.509430780446037 3.23555493990086 -0.447805669607025 1.52402765580059 6.12049081790378 4.91909549331512 2.56010197102158 0.00217578272880747 0.0136447490330852 0.001687126365414 0.0404230110847291 0.443976438271349 0.151707834912979 0.000722520883085386 0.0166666666666667 6 4069 4565 4410 4616 4305 4032
-794.877699909729 0.402851178577092 3.06349137474565 1.40322723131232 1.79574345318546 6.15687632354313 4.93438452168192 2.7067116771998 0.00219806284801645 0.0126336825435188 0.00151089645178978 0.0406712983771246 0.487109661334742 0.136372019531696 0.000410931707168509 0.0166666666666667 6 4069 4565 4410 4616 4305 4032
-797.761190830964 1.67077146985442 3.01411965107519 0.615346810480309 1.3600905178545 6.18032081949069 4.97203110381843 2.46169939409548 0.00224236888618025 0.0129737325689326 0.00147417766627316 0.0404094864050784 0.464109305610177 0.163929717331311 0.000551358583982182 0.0166666666666667 6 4069 4565 4410 4616 4305 4032
-795.106392935758 0.215493080999481 3.24156917583675 -0.0333496394431701 1.52154431106613 6.13153679571661 5.03681087289885 2.49984570027658 0.00228482138804372 0.0138350950508838 0.00160059647760594 0.0385257788861465 0.475010730870477 0.138877659225761 0.000953176725558379 0.0166666666666667 6 4069 4565 4410 4616 4305 4032
-796.411004203418 1.2507896981267 3.33789707619911 -0.696491049330414 1.43402738398991 6.34478237059625 4.88318271556371 2.48159752631521 0.00222139383418098 0.0128747734310724 0.00129556828130521 0.044277487127544 0.439577241401771 0.155011368921669 0.00105204364696179 0.0166666666666667 6 4069 4565 4410 4616 4305 4032
-797.771289748205 2.04653596967444 2.83840791671523 1.03493455010857 0.993303495889012 6.29336664952111 4.77338777940248 2.64915830348771 0.00156122731137333 0.015063206273272 0.0023659741869829 0.0322683711272308 0.45830995701966 0.162574390273937 0.00118467276227301 0.0166666666666667 6 4069 4565 4410 4616 4305 4032
-817.069349173335 0.237409078919438 3.60372620088294 0.561922602794213 1.44939842235472 6.13424068471867 5.06593881276448 2.59592751390187 0.00139125392231924 0.0174654951397476 0.00343518087325917 0.0584862637110601 0.418784103802542 0.104539179860112 0.00063461616898645 0.0166666666666667 6 4069 4565 4410 4616 4305 4032
-794.53685572483 0.306235218123611 3.35624194570515 -0.169650669150489 1.79113238821864 6.32619540801769 4.96709433649694 2.6732256352965 0.0024355985108958 0.0126356590557463 0.00127646468409306 0.0469879824768708 0.441711386137491 0.128299059651496 0.000957518024155954 0.0166666666666667 6 4069 4565 4410 4616 4305 4032
-794.707037952448 0.290003715576203 2.88349600988497 0.919091239077458 0.970718797767365 6.46875754346771 4.73568142685972 2.76254399646683 0.00213863836525073 0.0133374644264347 0.00131925923367999 0.0405438831559151 0.45480235264303 0.144647413274794 0.00105238374532867 0.0166666666666667 6 4069 4565 4410 4616 4305 4032
-794.754013051991 0.402922609141897 3.39427879275076 -0.556540658530626 1.41800029163125 6.26399696829628 4.93772937662255 2.53039823386508 0.0022498597304589 0.0139187519753874 0.00117554637467699 0.0423283974025739 0.468745927370961 0.138769234337687 0.000771330213384641 0.0166666666666667 6 4069 4565 4410 4616 4305 4032
-795.388109090367 0.361416838554058 2.76015785488783 0.741123581241582 1.0830541242382 6.18907767970621 4.61687916522568 2.52185400723761 0.00150691927312644 0.0147587548432296 4.48670525530649e-05 0.0338623770794399 0.473677391786102 0.189826554406938 0.000678102221818246 0.0166666666666667 6 4069 4565 4410 4616 4305 4032
-795.272644922365 0.507340258214772 3.86396110628917 -3.61303499702725 1.53796455517652 6.13520659630329 5.09122973233612 2.2720253286002 0.00207183289747648 0.0149179190966965 0.000845203207352688 0.0378704988783656 0.463168196189189 0.140413988950785 0.00094640413670307 0.0166666666666667 6 4069 4565 4410 4616 4305 4032
-795.033544004242 0.326556310065524 3.03904605833208 0.630630262123637 1.33650465917676 6.41369469626501 4.8332060487203 2.72311032468435 0.00192916464186948 0.0144561774243655 0.000209741658436761 0.0373540795470235 0.480807976428667 0.13965908240205 0.00071656166842554 0.0166666666666667 6 4069 4565 4410 4616 4305 4032
-794.961732963729 0.329968153994029 3.26634263816877 -0.53153218292123 1.62335403006398 6.33905053857309 4.92322235793246 2.62226717456525 0.00236985972390737 0.0127791141301788 0.000682419603610175 0.0389722092252814 0.48099201985569 0.140801167388805 0.00104711509490543 0.0166666666666667 6 4069 4565 4410 4616 4305 4032
-794.963815679767 0.23911538438948 3.46528679835386 -2.18210614282549 1.65678101253927 6.2066903321933 4.88366746667731 2.46960058990632 0.00225371291060761 0.0136431408826163 0.00189329689505408 0.0454792811362201 0.41622507808138 0.14615203139329 0.00127242846033471 0.0166666666666667 6 4069 4565 4410 4616 4305 4032
-794.720426033685 0.288191858183967 2.91915792589195 1.71537557063633 1.44057343203211 6.50439198365809 4.88597213830362 2.92024493834553 0.00252477392980682 0.0122159641728925 0.00106242435000601 0.0463979683181355 0.465851050178572 0.121252154928169 0.00091960928635857 0.0166666666666667 6 4069 4565 4410 4616 4305 4032
-794.741093962855 0.228867728107188 3.49426662586765 -1.79331240471102 1.88838205677926 5.99104867950788 4.96412057959286 2.43380714994367 0.00210253882596953 0.0138367195947407 0.00161860178620167 0.039819851013632 0.458485484154547 0.148732807889726 0.000623619203597099 0.0166666666666667 6 4069 4565 4410 4616 4305 4032
-794.758872474371 0.214578152107163 3.58691439220906 -1.0013725683084 1.96318148129974 6.31384271914934 5.07785125315277 2.65838567968663 0.00272781107798365 0.0118544140057224 0.00124765160991538 0.0483286542752155 0.453806694681694 0.120626211456575 0.00138066322926113 0.0166666666666667 6 4069 4565 4410 4616 4305 4032
-795.181408946006 0.273745425610468 3.26503089057771 -0.718932501127303 1.28507807392319 6.14284750933082 4.96575353031617 2.53106789077887 0.00220470279112445 0.0132767232182744 0.000301301345815053 0.0430770208196291 0.483290452025762 0.150332540579757 0.000558392970836601 0.0166666666666667 6 4069 4565 4410 4616 4305 4032
-794.791327894915 0.302741303818241 3.03026652615734 0.833035817671049 1.6611460090843 6.06589060143346 4.98825056102452 2.56944950225934 0.00186231680023498 0.0146891692541825 0.00133305609986543 0.0392464088882116 0.471087064658465 0.143835713436777 0.000646831915670272 0.0166666666666667 6 4069 4565 4410 4616 4305 4032
-795.24178182978 0.344199094825198 3.26070115489165 -0.486846935745271 0.672889443376414 6.51105508299387 4.84269735488647 2.65667827342212 0.00263572871344763 0.0125929441572244 0.00128917846437219 0.0480445237318961 0.41702238605622 0.135716647055101 0.00318939232428706 0.0166666666666667 6 4069 4565 4410 4616 4305 4032
-795.529909279047 0.258602009674603 3.78871849312044 -2.69255018629311 2.50379853799462 6.10458621858652 5.23462589140752 2.44562851146483 0.00265910210546939 0.0125391482693547 0.000147720418520081 0.0427733725452132 0.499281239652712 0.124552551422368 0.000397412226797673 0.0166666666666667 6 4069 4565 4410 4616 4305 4032
-956.845482148472 4.40786895451399 3.72549913610202 -2.24570248255185 1.77749084815281 6.08174195311423 5.12895448948313 2.39763644253087 0.00240998290454427 0.0135198795959829 1.23435386702251e-05 0.0410205733627454 0.475976449941761 0.128710540637321 0.00139866614094867 0.0166666666666667 6 4069 4565 4410 4616 4305 4032
-795.244338573658 0.342245833189315 3.18867986506543 -0.979504201779358 1.29109532485848 6.10310578774576 4.70619938801852 2.42655823441335 0.00131332905032829 0.018195863928961 0.00193540222812609 0.0306776436019947 0.473249585000559 0.181376331442128 0.000873431401969504 0.0166666666666667 6 4069 4565 4410 4616 4305 4032
-794.579759370233 0.298325506445763 3.05663445706202 0.574478309631191 0.990917458513577 6.3959172913895 4.83717718901386 2.69077362400805 0.002354148208892 0.0130108809395818 0.00152866879006359 0.0437824517222823 0.44999645004922 0.143202642354972 0.00122975486670899 0.0166666666666667 6 4069 4565 4410 4616 4305 4032
-795.466003008162 0.307847774016644 3.70753403751183 -0.852376502227751 2.30579540534214 5.98278362925503 5.1311097449822 2.37495960518483 0.0025484781305692 0.0125608194442846 0.00040945949224622 0.0422942581136419 0.480877607774028 0.136247146333472 0.000579267748457631 0.0166666666666667 6 4069 4565 4410 4616 4305 4032
-795.540310663696 0.3312492220614 2.54517859989612 0.804913916321907 0.947452645622292 6.31987686354747 4.60486548666684 2.75447793689736 0.00156107176497545 0.0155791443881891 0.00129281794573795 0.0326535437709917 0.488042613400651 0.173565895106068 0.000403740531541653 0.0166666666666667 6 4069 4565 4410 4616 4305 4032
-794.767945524048 0.318529518560726 3.24377177618743 -0.176478151129839 1.24918257594763 6.3672667487546 4.8610854413477 2.53009417820974 0.00212816367865455 0.0133275932145574 0.000709634481885693 0.0412603788238812 0.460986139998501 0.152011248995436 0.00123952222742183 0.0166666666666667 6 4069 4565 4410 4616 4305 4032
-794.962356503504 0.424315272265519 3.44799860473206 -1.62353449436399 2.12674756105986 5.94527418143705 5.10910698858313 2.34681508046695 0.0021076713253099 0.0139627688649392 0.00022918471581999 0.0405446476973084 0.477634679805667 0.144728235429407 0.000549614223800503 0.0166666666666667 6 4069 4565 4410 4616 4305 4032
-795.009617978697 0.228888422029387 2.90621454810483 1.95894885401062 2.16126264195271 6.23537555521533 4.89289775844675 2.83908795307288 0.001991552476351 0.0121564610104449 0.00137599354378755 0.0396335896781193 0.478856049842056 0.138203181941912 0.000357053646818714 0.0166666666666667 6 4069 4565 4410 4616 4305 4032
-794.954226797353 0.291481335335671 3.1788933143468 -0.699129748776996 1.75442546373416 5.91549500188699 4.80125921710056 2.3325107295704 0.00141297220544448 0.0163865449268803 0.00175796301469304 0.0316211041580106 0.465577354764115 0.189144722307883 0.00051870168862886 0.0166666666666667 6 4069 4565 4410 4616 4305 4032
-795.213098090632 0.270884079933158 3.14760982440092 -0.244296637610222 1.15404405817627 6.2103589148449 4.96083584562904 2.45059514004945 0.00208999435096209 0.0137396777600391 0.00119532102980435 0.0386155678428866 0.490964214530434 0.16051854189128 0.000587877885815964 0.0166666666666667 6 4069 4565 4410 4616 4305 4032
-794.900156132268 0.25521774191586 3.29743520424301 -1.01499150806918 1.43319594448935 6.27398082508419 4.82190106224728 2.61881239865699 0.00225194558010278 0.0137768753197296 0.00159368692736147 0.0425902741472213 0.421339038303086 0.140199592344218 0.000821256790690909 0.0166666666666667 6 4069 4565 4410 4616 4305 4032
-794.853996405798 0.37405435552609 3.06466491282801 0.0156089883532007 1.43065164939138 6.2789102907585 4.76806828817593 2.55430014552879 0.00184813853632194 0.0140867331728128 0.000802681913800046 0.0360270598606592 0.487148647793774 0.164184275744695 0.00116011972079467 0.0166666666666667 6 4069 4565 4410 4616 4305 4032
-794.938098872432 0.277434743307321 3.23262127695725 -0.337143842927204 1.17488248189708 6.2565846167358 4.94792597404651 2.47682686538827 0.00205011628571635 0.0139746378616107 0.00123383582670779 0.0377305239503502 0.488372340972053 0.15170957437332 0.000756482479849273 0.0166666666666667 6 4069 4565 4410 4616 4305 4032
-794.773922118031 0.409843724820533 3.09029264830347 -0.0336656477247359 1.54863094422518 6.09594361008871 4.83656247200102 2.49950097391451 0.00170086186386113 0.0148132519961107 0.000523173362281063 0.0360444768413385 0.492381821855521 0.173178518085155 0.000582434040729052 0.0166666666666667 6 4069 4565 4410 4616 4305 4032
-794.801231090459 0.285739497561064 3.14226439244609 0.00801318187968366 1.27088952168982 6.55041475828462 4.84483482633495 2.75844282258128 0.0025622718446198 0.0124501354519918 0.00114736528886344 0.0486515103059355 0.43409965805083 0.127646602359523 0.000892260199121561 0.0166666666666667 6 4069 4565 4410 4616 4305 4032
-795.134470073274 0.325559993748251 2.95798771952406 1.75594867014639 2.00689973052162 6.2926536793323 4.98035865113706 2.79632070711469 0.00186618202563375 0.0130239181749603 0.00050455682412983 0.0390334852979494 0.502135260461242 0.129239729854505 0.000462669806067674 0.0166666666666667 6 4069 4565 4410 4616 4305 4032
-794.919502865859 0.282237768675193 3.33924985585202 -0.343462755859872 2.17898186274672 5.96788170873522 4.99819687528895 2.37176889983738 0.00175577040560508 0.0144049943596197 0.00144399841047037 0.0381263144069838 0.451362374197085 0.156398801189449 0.000683130176895755 0.0166666666666667 6 4069 4565 4410 4616 4305 4032
-795.149764635689 0.391102514373574 3.03250756103515 0.32644986436671 0.520899400017826 6.52264500247127 4.76652300919248 2.6893668262357 0.00240337526429375 0.0129837319998586 0.000826198804609197 0.0440512819274073 0.46327788186737 0.146445324677967 0.00127915307378306 0.0166666666666667 6 4069 4565 4410 4616 4305 4032
-794.862579131957 0.264150507063644 3.10972814196988 0.763790815651 1.09027189599238 6.47407575247534 4.99911614082435 2.75748711178375 0.00251366545463407 0.0127192322988169 0.00111484364164449 0.0453515275297631 0.448654464843729 0.119686685785048 0.00185431735897859 0.0166666666666667 6 4069 4565 4410 4616 4305 4032
-794.632221050429 0.257118769049545 3.51419946975801 -0.978852523299493 1.39267917004698 6.21775010232311 5.0738426042342 2.43708329625632 0.00240414578516114 0.0133571230704691 0.00151658000015506 0.0431381695675151 0.445278491321794 0.134098265508788 0.00119781042972588 0.0166666666666667 6 4069 4565 4410 4616 4305 4032
-795.598559765218 0.338399594593929 2.91918862896042 0.275186263129355 1.07133416365982 6.25922810819548 4.76121971994433 2.50893638522071 0.00179182990927591 0.0145344942194978 3.05904481302837e-05 0.0383558034727589 0.471360818555481 0.16726149008447 0.000252019529050843 0.0166666666666667 6 4069 4565 4410 4616 4305 4032
-794.744311872624 0.422928820987963 3.16044832091752 0.120133162336943 1.5137561523455 6.33498473313389 4.90438645069332 2.63179808541702 0.00201786720851738 0.0132965409883442 0.000327309152660043 0.0392131217282506 0.499363392090693 0.145567616570294 0.000845273871467492 0.0166666666666667 6 4069 4565 4410 4616 4305 4032
-1047.10957103355 4.34091662884497 2.69931132145333 1.71601747960342 1.78067979560621 6.26806681697973 4.80110333799207 2.89860955834333 0.00189750311527634 0.0130134566732733 0.000222117922513861 0.0337956848175732 0.5216472632942 0.144682231759815 0.000348234215087133 0.0166666666666667 6 4069 4565 4410 4616 4305 4032
-794.884810653385 0.29507633716765 2.70294661207024 1.94619058007783 1.47375588222763 6.24727772942336 4.73495695059294 2.6787845970654 0.00161736833224081 0.0136914698855245 0.00129426755712591 0.034858067565594 0.501257944625315 0.168939719323457 0.000602437372334576 0.0166666666666667 6 4069 4565 4410 4616 4305 4032
-795.691126513581 0.356555926908635 2.69041084722545 1.02350734496613 0.534910765002781 6.42983876109046 4.77687051804619 2.78797552752344 0.00210230533028913 0.0131725165434393 0.000214412824968147 0.0410712885673778 0.487221457231918 0.157241318414425 0.0018293239650095 0.0166666666666667 6 4069 4565 4410 4616 4305 4032
-794.693003238656 0.285196393047416 3.51786532189623 -1.26515672703895 1.54791328621381 6.37117320741792 5.00860354389264 2.60671210777226 0.00272122454990204 0.0127260344817493 0.00139097725652713 0.0476033599672289 0.449808395063754 0.118977457525679 0.000806485019798544 0.0166666666666667 6 4069 4565 4410 4616 4305 4032
-795.208269806378 0.289216097990906 3.37930277744353 -1.86738600906603 1.04753942627823 6.31009524545859 4.81272814896831 2.49145466705439 0.00227281299895525 0.0137333300000876 0.00181326640544658 0.0431490541905787 0.425839891212109 0.151116048689434 0.000694936190011137 0.0166666666666667 6 4069 4565 4410 4616 4305 4032
-802.21330162917 0.470898612297411 3.20955332808974 -0.92451710621011 -5.24685558961626 7.72732645710654 4.58381418349718 2.9077730253345 0.00378387119741478 0.0118805316659981 0.0010393939420364 0.0587133888589178 0.440990443874993 0.119931003441464 0.291793747644795 0.0166666666666667 6 4069 4565 4410 4616 4305 4032
-801.825898039881 0.265381007559733 2.89209176469609 1.64422733764867 -0.79170139829805 7.20417626584818 4.80495571931879 3.24461878711735 0.00384212255359998 0.0111265092777469 0.000965180090476094 0.0588868072059743 0.466701694360612 0.0936853959527306 0.0556360985070843 0.0166666666666667 6 4069 4565 4410 4616 4305 4032
-801.929053931016 0.184256158183812 3.03253154937965 0.947628736579673 -3.7377595423181 7.67639702706465 4.62236883471637 3.03103479643476 0.00392753393943996 0.0123174320493374 0.00183158338646702 0.0620226731908984 0.397009441128997 0.0950529542070217 0.118712716942959 0.0166666666666667 6 4069 4565 4410 4616 4305 4032
-803.331763399915 0.400962718734845 3.39617920142153 -3.49903025593734 -4.74947216339571 7.56167277354475 4.44694312404961 2.83814811298573 0.00312148228389955 0.0129056519122089 0.00106297205004657 0.0540947198631127 0.431949934522285 0.133259889069606 0.49978058061274 0.0166666666666667 6 4069 4565 4410 4616 4305 4032
-805.711610123116 0.361125977607735 3.04345714397229 -1.70778230708552 -2.30831508286445 6.4278227241152 4.21378905617072 2.1441683863059 0.000302017965902946 0.0640431094069292 0.00461581533649077 0.0123699321429076 0.550488220640827 0.267590704708624 0.0247713320278354 0.0166666666666667 6 4069 4565 4410 4616 4305 4032
-1035.66614114746 4.4713222472986 3.11013354047297 0.5200764490886 -1.26633018775221 7.05307410967353 4.72554587706734 2.86138437336223 0.00287131620503105 0.0123526849727173 0.000839736598848449 0.0482168372163878 0.470749869172207 0.123556568782764 0.0175480923234116 0.0166666666666667 6 4069 4565 4410 4616 4305 4032
-1014.97717498794 3.06812685902835 2.9308554071135 0.395476848533891 -4.2443316712428 7.43165046197596 4.42735223308794 2.75943692772202 0.00262056847904116 0.0138889756787926 0.0012643577244249 0.0481857565954148 0.449080585510632 0.145801397983696 0.162258978586421 0.0166666666666667 6 4069 4565 4410 4616 4305 4032
-803.504598217779 0.408736617049629 2.81556990275484 -3.76063483619481 -4.24758385998569 6.79825702298625 4.02545727625811 2.16142454877682 2.37238615473412e-05 0.956564232114095 0.079868124454631 0.00404117689725978 0.476688196539348 0.265810103583418 0.00166693636357678 0.0166666666666667 6 4069 4565 4410 4616 4305 4032
-816.440301265738 1.21907873561548 3.08648870760829 -2.27765857179936 0.922661087489343 6.6760113363135 4.85644516151483 2.58312632949963 0.00194561030316663 0.0200468707605113 0.00366199164842485 0.0209323326292073 0.675544400813603 0.105779532318415 0.890416858222122 0.0166666666666667 6 4069 4565 4410 4616 4305 4032
-939.330254052812 0.96423709321349 -0.0551881347471189 -2.55957573507836 -1.38685988330853 -3.24170798708701 7.16439132706269 1.60241619229388 0.0100182775046672 0.0236159001388829 0.0103543670336671 0.148437041048918 0.0906625380590711 0.0604183543686472 0.278031742145431 0.0166666666666667 6 4069 4565 4410 4616 4305 4032
-797.829359226419 0.257456426673291 2.94348733471585 -2.23883321684439 0.310612222335168 5.68852745663327 4.37645635120106 1.87873948448017 0.00019566654594395 0.098789010571463 0.00957192682008715 0.0119159351732673 0.469264096999291 0.305737962438271 0.000330997124017739 0.0166666666666667 6 4069 4565 4410 4616 4305 4032
-841.373868523956 0.268790918933701 0.0883895177836652 -1.43996604458528 -3.68991596964954 5.6193552935494 5.48981900454888 3.16853965018959 0.00253743089952682 0.0252616820018009 0.00606040963295036 0.0393196194833053 0.605375683424492 0.0964604400504461 0.284826609448064 0.0166666666666667 6 4069 4565 4410 4616 4305 4032
-800.312861840648 0.226967026909061 3.27646395800215 -1.93506174819011 -3.76318907930314 7.24452290510803 4.42769945941072 2.72858465655055 0.00268091445568911 0.013456433498555 0.00182087676100974 0.0510846360929879 0.403349992684022 0.153262425057373 0.018957546970024 0.0166666666666667 6 4069 4565 4410 4616 4305 4032
-838.027556294431 4.40176704123197 3.76658304718919 0.689644465522805 3.68480974008844 6.56596374984563 6.13968968989909 3.21999977119092 0.00678197000168492 0.0118077827964297 0.0033013076111841 0.081315256798743 0.557673452393704 0.97018815898246 0.937684821493004 0.0166666666666667 6 4069 4565 4410 4616 4305 4032
-795.507406907898 0.299232202203251 3.38455104132834 -1.31448456472777 0.793643569814849 6.51219492371877 4.74774709878425 2.63340482640008 0.00234616053258224 0.0136683231023174 0.000965689751495717 0.0445890206765891 0.458359197151938 0.140463900395413 0.00323484748016686 0.0166666666666667 6 4069 4565 4410 4616 4305 4032
-802.575350259671 0.275709734949228 3.24338688468487 0.0839293443846686 -1.59695579610217 7.07817031546917 4.83978394915839 2.88298732934306 0.00373918170826842 0.0121798311450397 0.00173087734187593 0.0561091856183025 0.445659546709522 0.0963569580438849 0.114906838151346 0.0166666666666667 6 4069 4565 4410 4616 4305 4032
-806.877655935227 0.790089956112585 3.03966791500612 0.492544688510221 -0.679451294728857 7.13304139773631 4.85616185466188 3.11687237121906 0.00308209473874555 0.0126934188925396 0.00115548772277591 0.0468714759352544 0.528935093122953 0.0986112435256549 0.298758030477166 0.0166666666666667 6 4069 4565 4410 4616 4305 4032
-811.327628500611 1.34402337096132 3.4241822380132 -0.187905221852027 1.16134149359442 6.42827818370605 5.12297550516173 2.77719159731695 0.00315183993776125 0.0123464859240056 0.0018568135284323 0.0391379739788011 0.637360657727036 0.0948904614092221 0.489987324954451 0.0166666666666667 6 4069 4565 4410 4616 4305 4032
-858.577696345604 0.594949619110569 1.85073490502268 -1.83671851697222 -3.19644400183737 2.97299930366242 6.58843482599917 1.90525675008695 6.81542386696029e-05 0.968023668923077 0.157036754274239 0.00773834446585703 0.689096404139548 0.0974855476386007 0.00568154846225152 0.0166666666666667 6 4069 4565 4410 4616 4305 4032
-993.253422781127 0.30972579370222 0.0919667396423062 1.12764104374894 -2.21536558893873 -0.674135653380372 2.03213413137722 -2.33500952145529 0.00231540300898653 0.271254971842622 0.0885649153538924 0.0245814786580842 1.47268025116389 0.00809944177548639 0.970950619225705 0.0166666666666667 6 4069 4565 4410 4616 4305 4032
-908.768549620075 0.465210120283087 2.33652807868965 -1.68167298027093 -4.12108887199253 0.490824712856121 5.88053438024482 2.46618651491842 0.0042619469559737 0.0578674489888038 0.0209815008229993 0.0892027759148094 0.207360989040999 0.0230935884600377 0.43124774121026 0.0166666666666667 6 4069 4565 4410 4616 4305 4032
-807.767546564771 0.600268902899613 2.51238293893515 -3.13812137127147 -5.33105039810487 7.0407800785919 3.53947663698306 1.99881243017071 0.000846546574289857 0.0190792927198946 0.00123856873561129 0.0273755729376184 0.47799925885708 0.477346877925652 0.122537960491149 0.0166666666666667 6 4069 4565 4410 4616 4305 4032
-929.996802477253 1.06538276066785 -2.0959675710241 0.701525112569386 -4.60699095122559 -1.28426449098619 1.07468711423092 -0.42819974624979 15.5450712451858 0.997277917710323 0.313331558468949 0.0455783000966619 0.429243457984194 0.0176966241461052 0.84760504284006 0.0166666666666667 6 4069 4565 4410 4616 4305 4032
-1013.13449721089 3.56721444711563 3.44152601552047 -2.13491913026065 -1.86602738900883 7.42850325529751 4.69352966384085 2.73371097206176 0.00307697063156189 0.012537960626518 0.000350866069620154 0.0437695083413844 0.543109522193975 0.111755346186379 0.753570382451854 0.0166666666666667 6 4069 4565 4410 4616 4305 4032
-796.559192597479 0.289297258850151 2.58363719200564 0.456255620085102 -0.0692922628361033 6.25253619238165 4.36079738020925 2.33570277218022 0.000672853039542209 0.028576222058993 0.00323596498138729 0.0214407558708464 0.488180858199624 0.245685925588067 0.000809626027797432 0.0166666666666667 6 4069 4565 4410 4616 4305 4032
-800.280492343951 0.396882548526515 2.94969977830617 -0.551142876343047 -3.67666231397858 7.42863467007484 4.36944940594059 2.70444618787865 0.00247229757049971 0.0138582167009889 0.000873477055781485 0.0442674432008611 0.443037571551756 0.160246879675671 0.0385134415774062 0.0166666666666667 6 4069 4565 4410 4616 4305 4032
-814.442930600907 0.525237834350133 1.66099526381822 -0.420284746121889 -4.31483019953679 6.013736231306 3.03987985823213 1.41931649510967 0.000331558338432903 0.0255632378317515 0.00122675137154943 0.0180757472777133 0.452957237651134 0.968151960145651 0.0666916746289238 0.0166666666666667 6 4069 4565 4410 4616 4305 4032
-924.75746984123 2.43523531860852 -0.29163376727354 0.173988102290462 -1.15281185152127 1.64751018768052 -0.773429787438762 -0.0850646638567427 14.560660876951 0.384598666517713 0.140221715842798 0.0297313150677785 0.554500623121735 0.0234125928700498 0.698001155269485 0.0166666666666667 6 4069 4565 4410 4616 4305 4032
-810.601880080186 0.793916697267323 3.09303651998901 -0.180638393814527 -1.88109723635314 7.25035668387444 4.78966122334633 2.87684170738846 0.00315803256878992 0.0142438458963559 0.00261315441646974 0.0452002001465015 0.535504738647554 0.0968192385642269 0.937683354614746 0.0166666666666667 6 4069 4565 4410 4616 4305 4032
-808.680794251553 0.288160323473274 2.80607636331302 0.60687361107024 -4.69494840943619 7.21437767052528 4.67813637782852 2.84331309752009 0.00266665347024513 0.0139353952485156 0.00212719905984738 0.0465186296099969 0.492568012343689 0.140747715170875 0.99899923733207 0.0166666666666667 6 4069 4565 4410 4616 4305 4032
-819.873838598935 1.67211822354663 3.22441589675701 -3.36686344903503 -1.79384115229421 6.72107270738318 4.58415806393115 2.21797587089652 8.86611173181976e-05 0.327456688755886 0.0706062772196105 0.0065492329755984 0.579018915347432 0.161331627969074 0.226030089023528 0.0166666666666667 6 4069 4565 4410 4616 4305 4032
-802.572744777624 0.32819810578696 3.71557601568696 -1.85059766433246 -2.00265326383618 7.21839761031566 4.90692040661737 2.89275613585336 0.00397331992550079 0.0121615115944615 0.00127240702124368 0.0573381737710066 0.473434844949798 0.0905976121153245 0.186979068196449 0.0166666666666667 6 4069 4565 4410 4616 4305 4032
-837.938692698713 1.85659764726794 1.48115064444943 -0.732663489636192 -0.906388971793549 5.9495600212657 4.80446162529095 2.94811857683253 3.4552830615551e-05 0.995399262911689 0.211441791694491 0.000101035521965998 0.720898387132296 0.134420134216879 0.966545320323707 0.0166666666666667 6 4069 4565 4410 4616 4305 4032
-795.211778181652 0.253778570873759 3.40640272523742 -1.08257307707291 1.13874504309463 6.27712590460828 4.86085286389047 2.37760828261681 0.00222227862983042 0.0139000277679612 0.00047126410262239 0.0445957581807358 0.458994198917883 0.153846126871828 0.00118635271155427 0.0166666666666667 6 4069 4565 4410 4616 4305 4032
-805.373412573607 0.667180420340543 3.62943132120522 -2.06030881367522 -4.00040135309195 7.79848235006336 4.76476555083827 2.98369080856223 0.00437038463887987 0.0117094982656269 0.00101286677212722 0.061725865254185 0.455430249991791 0.0821620856846802 0.850848578795512 0.0166666666666667 6 4069 4565 4410 4616 4305 4032
-823.72102220168 1.01913242633077 3.79417784781383 -1.59203572135538 0.0275776520330592 5.66044125350227 6.12275856880154 1.6587624445235 0.000700307179155359 0.0443234086080544 0.00694906394282795 0.0145240887885936 0.733516830269639 0.118344264326943 0.918568184523981 0.0166666666666667 6 4069 4565 4410 4616 4305 4032
-807.872625947067 0.38836463571546 3.85162070404777 -1.95424661831338 -2.78447054974774 7.24666421272098 4.83816388624224 2.50586599764407 0.00296413268208562 0.0130437262350484 0.00106104081697637 0.046914298016607 0.522849065236966 0.125287917437122 0.786641435970073 0.0166666666666667 6 4069 4565 4410 4616 4305 4032
-797.370729439879 0.314934919144636 2.8339356574642 0.848762612167966 -1.18082377547789 6.93636862254172 4.46984948449467 2.82420199766949 0.00211529658299087 0.0141494157778445 0.00165802577014859 0.0446978925455523 0.434035347072577 0.157293263665669 0.0068796777008538 0.0166666666666667 6 4069 4565 4410 4616 4305 4032
-927.825849512154 1.98013984256135 2.57202422597626 -0.0920090196220547 -1.53884518041647 6.42883284261118 4.28695401945678 2.27595313843214 0.000387059590323272 0.0536787143266576 0.00815700640757775 0.0158734167135457 0.487892756409808 0.241469546643403 0.00766518195811179 0.0166666666666667 6 4069 4565 4410 4616 4305 4032
-936.654881113068 1.82786452822228 2.12067974874451 -1.55415750606932 -0.618394368214377 -4.88804257186982 2.94382551195124 0.59551027221412 15.6972261612848 0.970006106280254 0.346621533693651 0.625243674700631 0.435539185783621 0.112595747636185 0.0253689685195123 0.0166666666666667 6 4069 4565 4410 4616 4305 4032
-853.04272885394 0.519985022836028 4.49111944982555 -4.52688235350184 -5.81896050848034 3.53988838435773 7.39803755159229 1.23237450302991 0.00429683932716034 0.0197456142444066 0.00424652536171259 0.0642426864516381 0.592424620025104 0.0617063278680753 0.943986870559497 0.0166666666666667 6 4069 4565 4410 4616 4305 4032
-803.59109033935 0.294611199517634 3.52593104392447 -2.35492671648956 -1.82709350457679 7.17363939121291 4.72980077649111 2.72001378601934 0.00319752566459706 0.0127974387420976 0.00162134206287573 0.0503714598545263 0.473918248036355 0.11287445743285 0.214823227432469 0.0166666666666667 6 4069 4565 4410 4616 4305 4032
-799.969896549406 0.411315060598475 2.78704793029176 -0.408546144396508 -3.61070409901522 7.41629931998231 4.3408611102635 2.92326643458972 0.00293931223012527 0.0128832954230997 0.00180839828888049 0.0525772368944388 0.408957711055792 0.148672327602258 0.0330102910147001 0.0166666666666667 6 4069 4565 4410 4616 4305 4032
-803.565127322913 0.224841825697301 2.99123249787535 -3.76528279178826 -1.50689523626333 6.4134077753724 4.39265107458946 2.19774721088893 3.39873203003805e-05 0.654219267945938 0.0680477111842186 0.00421807126352644 0.543991276923499 0.224350848502855 0.0014390859487603 0.0166666666666667 6 4069 4565 4410 4616 4305 4032
-806.534491578682 0.441248744111621 4.09924516451137 -3.53597812145472 -0.352870387390551 7.1061453132942 5.15224088861574 2.90571191414635 0.00458482392832936 0.0119649079680143 0.000655270546772183 0.0576617293949856 0.525531229638431 0.0633904065862376 0.371113417860964 0.0166666666666667 6 4069 4565 4410 4616 4305 4032
-976.313458162285 2.16876205530952 2.71899261090127 -1.70091426386717 -6.08438926715393 7.52925449920651 4.10215465291424 2.69251112071061 0.00161052456316408 0.0197875004485649 0.00307609895689617 0.0349981514713966 0.452966326757607 0.188987545091693 0.537784987110997 0.0166666666666667 6 4069 4565 4410 4616 4305 4032
-797.131265129899 0.248868193089476 3.16605470112425 -0.305220634075208 -0.756251184223562 7.05988644103783 4.65940882745897 2.87478473086736 0.00301419638286527 0.0124694208157753 0.0019061477124362 0.0515756901299195 0.43479474057976 0.121516490473122 0.0101316718187927 0.0166666666666667 6 4069 4565 4410 4616 4305 4032
-802.010296194843 0.299316362947944 3.72551077969441 -3.72507745550923 -2.76438867109902 7.48462313441733 4.82484668293267 2.97931395229271 0.00425261696658039 0.0114068730492165 0.00161014727420618 0.0599313430022743 0.421606947450378 0.0925172439546438 0.167698688419605 0.0166666666666667 6 4069 4565 4410 4616 4305 4032
-795.690520762194 0.291033186008542 3.22133717150607 0.729094966083343 1.13017624265056 6.63619113423509 4.96325394055703 2.73488236374555 0.00248611550171401 0.0121061584025712 0.000412624500120547 0.0460362965642979 0.498725767604207 0.12277977175524 0.00298248535320716 0.0166666666666667 6 4069 4565 4410 4616 4305 4032
-800.000464913363 0.323728352625356 3.16125782616413 -0.554884370431484 -3.3825792038921 7.4494857955441 4.54788726235414 2.83240830053186 0.0030946549082997 0.0129988258728067 0.00112342379612506 0.0481447374109478 0.482558114171543 0.126943860876177 0.0386064159404614 0.0166666666666667 6 4069 4565 4410 4616 4305 4032
-1001.24806197698 3.33238365054266 3.36655706800519 -1.31324370754017 -0.205439050159381 6.83615356923123 4.8154735898826 2.70518698891488 0.00280719565530091 0.0129986036769779 0.00158508769337386 0.0497579653376529 0.4379316344539 0.1188291646481 0.0077562973465429 0.0166666666666667 6 4069 4565 4410 4616 4305 4032
-810.833581084452 0.942454745638315 3.79656330657478 -1.98522728525913 -1.44986377069314 7.0495587088803 4.99907568749859 2.72520703856711 0.00260715503770627 0.0144573588732421 0.00167537390170163 0.0447407132621222 0.525684569955478 0.0906633191057695 0.957192302744611 0.0166666666666667 6 4069 4565 4410 4616 4305 4032
-817.208896994617 0.206240822508267 3.07667293286562 -1.32878839756016 -4.06774223580544 7.42276948487455 4.26437907165569 2.81443973540991 0.003385986252266 0.0133369752261316 0.00477753513140363 0.0648270998433312 0.00493398503108163 0.130915335293495 0.98382048896239 0.0166666666666667 6 4069 4565 4410 4616 4305 4032
-814.803361655687 0.790239572057484 2.06287973999564 0.637813553052953 -4.42010741714817 7.17378279835402 4.04480892786176 2.64111020142161 2.598692170166e-05 0.96167109704569 0.160553544106256 0.00414103013677237 0.588587732409397 0.218234997793917 0.0403824843788677 0.0166666666666667 6 4069 4565 4410 4616 4305 4032
-812.262103405526 0.653693583977127 2.62870924424694 1.98242186231832 -2.09458854915238 7.54907253905943 4.53464488183137 3.34810981172834 0.00385834130424534 0.0115385768016704 0.00268417770615959 0.0564130534179752 0.469388538066301 0.0950350612587146 0.961778705499579 0.0166666666666667 6 4069 4565 4410 4616 4305 4032
-797.331332235986 0.241222444031983 3.3512196324437 -1.52997986647715 -1.39957677475524 6.85925507298334 4.61223320730143 2.56576489797645 0.00241257489641785 0.0140634660426012 0.00149367419846633 0.0453955872669373 0.436776191367342 0.14872336198971 0.00958532100745714 0.0166666666666667 6 4069 4565 4410 4616 4305 4032
-796.173464588776 0.271986433907094 3.29006329287768 -1.00848087748811 0.22414939534872 6.64092703220622 4.84031283213289 2.64208261282061 0.002493506666419 0.0135420239062719 0.00120745302111601 0.0456331077103926 0.447417660283782 0.135960819086124 0.00650018691084638 0.0166666666666667 6 4069 4565 4410 4616 4305 4032
-1038.42509452989 4.01289058585504 3.2105270252245 0.439183818721117 -0.0913200875669029 6.85371206693832 4.86111055692721 2.84744043323365 0.00290495582801434 0.0119896541298731 0.000737584346892203 0.0507003492893192 0.461232570401123 0.121135485215561 0.00581400515243094 0.0166666666666667 6 4069 4565 4410 4616 4305 4032
-821.101596306765 3.88846824808465 2.99942725328104 1.01287662920755 2.16062786483244 6.21654199319741 5.40199324349616 2.7966986902657 0.00215538483034799 0.0161428107894898 0.00363310424067841 0.0338247322789395 0.643056458539602 0.0865662689589868 0.983172081450717 0.0166666666666667 6 4069 4565 4410 4616 4305 4032
-804.542537392062 0.367693532638707 2.5165380647392 -1.71038825681382 -4.05736709775857 6.77744007308722 4.16965970196406 2.21915667021521 3.23810975228217e-05 0.709908700001088 0.0669273101878241 0.00459004023058264 0.492383767301948 0.248363592568297 0.00307392096028641 0.0166666666666667 6 4069 4565 4410 4616 4305 4032
-795.960502275577 0.313558551378665 2.7390027342706 0.202341249827497 0.470421889131075 6.10147918937001 4.54642600302583 2.25861865608105 0.000955556460248056 0.0211210079874247 0.00261781881163824 0.0264354836511395 0.461338775869068 0.228988043637035 0.00094210688072416 0.0166666666666667 6 4069 4565 4410 4616 4305 4032
-816.044666763996 0.718867185353941 3.25894288127697 0.389655723634132 0.648028264285025 6.77883315268515 4.83756692277983 2.82824017072491 0.00145220978161265 0.0169458471975592 0.00320793813413985 0.00277349200087167 0.71757985030946 0.116304792302147 0.538094775304608 0.0166666666666667 6 4069 4565 4410 4616 4305 4032
-801.575894645693 0.342667346254896 2.54726129798439 -1.8501974982683 -3.1734422793079 6.87633884767014 3.9349813347186 2.36132394846737 0.000146781105351129 0.148652037674218 0.0163375034038773 0.0104240114416777 0.473427239896268 0.258093770220784 0.00146720623895572 0.0166666666666667 6 4069 4565 4410 4616 4305 4032
-815.796330050224 0.453218442305379 1.92452143212106 -2.28828193343074 -6.87596227636688 6.59856620889444 3.05793782634346 1.7344873138569 0.000188793615887204 0.0538265078620808 0.00802915897086893 0.0128929349986251 0.506108055303636 0.840243609554143 0.294360423478189 0.0166666666666667 6 4069 4565 4410 4616 4305 4032
-935.556695846925 2.60362568272298 0.67689974891458 -2.65292431575719 -0.854746577988417 -2.18309159630026 -2.35260236168925 1.64925686107755 15.3278005845099 0.301293073477804 0.109504234781468 0.42386314721342 0.622416472564564 0.958495924824161 0.545499267978401 0.0166666666666667 6 4069 4565 4410 4616 4305 4032
-799.605093750611 0.294308643606564 3.14741259172649 -1.07971168995759 -2.82305423400868 7.18260872948602 4.5627225740166 2.82015694268582 0.00273259937962097 0.0137002745280097 0.0018323576607225 0.0466826228193832 0.442028081322262 0.133792528149698 0.0469464683296476 0.0166666666666667 6 4069 4565 4410 4616 4305 4032
-799.063698955909 0.327238499888886 3.61437943399664 -2.34809806525682 -1.90353726184336 6.74654456668702 4.86247284405573 2.46039700088648 0.00257718598864528 0.0135986377846464 0.00149610811791341 0.0472775599879544 0.46904776061482 0.14268011693142 0.0235439727223667 0.0166666666666667 6 4069 4565 4410 4616 4305 4032
-794.779311003763 0.186065535671613 3.42482810021217 -1.2018052851339 1.5014489124776 6.35214273303799 5.01400030774234 2.59171191407635 0.00265831567247055 0.0124245767008841 0.00162664012422217 0.0484949540657103 0.438484635178864 0.128787345186217 0.00177715164565665 0.0166666666666667 6 4069 4565 4410 4616 4305 4032
-803.768699082805 0.342908245958583 3.30052400869191 -1.3274667237301 -4.72183327468478 7.79371870086884 4.55407617395341 2.94578027198417 0.00371732808895772 0.0120515572214503 0.000959555083153577 0.0566533481091181 0.440702629279174 0.109606580090123 0.515253161446219 0.0166666666666667 6 4069 4565 4410 4616 4305 4032
-810.987410402017 1.90737842486685 3.68160595815213 -1.59924880936825 -0.603734097301702 6.90887762675588 5.0133036143476 2.84284699205414 0.00372280419387637 0.0115363628842537 0.00260303153489965 0.050764620640762 0.4962824705706 0.0931737189871119 0.96619124231015 0.0166666666666667 6 4069 4565 4410 4616 4305 4032
-927.281150756343 1.69710010713484 0.280999437331572 1.11377693418325 -3.37518434839277 -3.49967903182752 6.5843266182085 2.91870096007101 0.000972179845086026 0.227064854162563 0.0789975969628303 0.0355818988551782 0.640069772480464 0.0328291243881085 0.177851274459802 0.0166666666666667 6 4069 4565 4410 4616 4305 4032
-811.188832094501 0.4345220261578 3.3585559202551 -3.35957583760714 -2.59887533472187 6.37619080584224 4.56959859144208 1.89077617692798 2.66474155087342e-05 0.894879638194562 0.11277491117148 0.00331821450188132 0.620785268162853 0.225898410861144 0.0147845392016715 0.0166666666666667 6 4069 4565 4410 4616 4305 4032
-821.693034593887 2.13390068258221 2.72179255956012 -1.54416380106456 -2.6786010757241 6.66174774015887 4.42457151318624 2.44094434124709 4.21967793592233e-05 0.644133845541311 0.177188633893519 0.00458015994549661 0.52659758836712 0.175061711906337 0.230798663100715 0.0166666666666667 6 4069 4565 4410 4616 4305 4032
-801.722807382452 0.518411453999211 3.2707475734826 -2.2848162679625 -4.9338025091544 7.59641625641558 4.28134796537716 2.70569808678831 0.00239560939361912 0.0142770545034006 0.00186097584904364 0.0458789347850565 0.426687002589419 0.157379165206094 0.121919755978236 0.0166666666666667 6 4069 4565 4410 4616 4305 4032
-810.152399347024 0.644938421402322 3.13476126387067 1.86267529331994 0.74570741473173 6.25768571869935 5.45936173125839 2.65280263056731 0.00243221004094717 0.0146185192506469 0.00282356259969938 0.040704626143225 0.556392692603153 0.0976999474851391 0.141192817154407 0.0166666666666667 6 4069 4565 4410 4616 4305 4032
-795.878249378173 0.250423205391598 2.95697058927749 0.367048540099838 0.405184676204485 6.68545753334914 4.79030216680553 2.70974606180733 0.00232496970603093 0.0130077730586588 0.00178450071114362 0.0435353543000027 0.442658274845388 0.13894015585821 0.00376459706916493 0.0166666666666667 6 4069 4565 4410 4616 4305 4032
-795.960593446322 0.306400397057663 3.26159652152016 -0.958968640251468 0.349210053370769 6.41300175839419 4.8125454234277 2.51901466579429 0.00230556341047528 0.0134148405727991 0.000526136911588706 0.0430168786636648 0.499978228521514 0.154207499716037 0.00314885158056154 0.0166666666666667 6 4069 4565 4410 4616 4305 4032
-799.430360468598 0.414876965311712 2.93706254549166 0.716545526271115 -2.5134429695493 7.33826574964897 4.58530469526005 2.95982670273879 0.00328188879418603 0.0121518823118245 0.000148698161118446 0.0542585582255508 0.454047485255426 0.121842850998121 0.0335248915225057 0.0166666666666667 6 4069 4565 4410 4616 4305 4032
-823.500322935397 0.635504864573282 3.02015881964693 -2.69345088382063 -0.764216833453995 6.08137983988566 4.78327837623957 2.26477189922719 0.000268461120944333 0.110398237964933 0.0335602696058057 0.0113759991618043 0.602725524560292 0.151525556748278 0.844991684470912 0.0166666666666667 6 4069 4565 4410 4616 4305 4032
-803.94486688603 0.193305055053009 3.40604398797725 -4.23312317912379 -0.446782674762627 6.50791090791378 4.37010428472349 2.36849952447824 0.00228207035266329 0.0133787898455427 0.00379663742758075 0.0513465070400204 0.18944080577024 0.205499204379857 0.0067910610277826 0.0166666666666667 6 4069 4565 4410 4616 4305 4032
-796.940318277737 0.317326889266507 3.14707035313076 0.195768010260111 -0.221842188980533 7.03289730616147 4.78266562787191 2.84847678639631 0.00272317612951458 0.0130983255230152 0.000738637087913126 0.0497266887618503 0.458393475174976 0.115406414904838 0.00742300839049905 0.0166666666666667 6 4069 4565 4410 4616 4305 4032
-796.457167467895 0.193163965564892 3.17809940364903 -0.0798971226410216 -0.133728792603609 6.73928093212181 4.88811824339481 2.77319762755627 0.00263336388722161 0.0133727301817811 0.00094398142298436 0.0448289518928548 0.486980684441286 0.121929027389535 0.00661259064051082 0.0166666666666667 6 4069 4565 4410 4616 4305 4032
-931.098803779381 2.36222939735963 0.168669683426483 -2.24546785844668 -1.669432866014 -1.43640938135247 5.17990375656703 4.06639262513232 0.00152662797203901 0.15385474473373 0.0278960833671979 0.0547837812000575 0.508510248032028 0.031812649532913 0.0717678673113092 0.0166666666666667 6 4069 4565 4410 4616 4305 4032
-829.020284900836 2.4647244346491 2.80504874783258 -2.10187153541271 -0.66171375662146 6.44821054453688 4.57692358184462 2.67669820039633 2.28327623854392e-05 0.999298517972922 0.267071845027176 0.00148322635118753 0.703859091600175 0.153707974510977 0.883352932144745 0.0166666666666667 6 4069 4565 4410 4616 4305 4032
-797.305501736708 0.247062500626235 3.48445022767274 -1.00570689599004 -0.452111840142956 6.8255137890423 4.75310509905346 2.64161394573108 0.0023448212485524 0.0133306707403294 0.00202154851945145 0.0448942375383366 0.426648105371194 0.133507690958855 0.010262464028282 0.0166666666666667 6 4069 4565 4410 4616 4305 4032
-916.365457972459 2.30539853204133 3.11201107103044 -3.45432713064212 -1.4183130808405 6.72358672161947 4.20182143277333 2.33044323554041 0.000383827795808828 0.0754745221779696 0.0127683804637439 0.0150095281404881 0.568514512831926 0.188102677356379 0.18510805731984 0.0166666666666667 6 4069 4565 4410 4616 4305 4032
-821.641479896813 1.72122840031472 3.79878892662886 -5.50589416090323 -1.82168888598033 5.78878529761728 5.17602841342488 1.5618463958183 7.78313948609546e-05 0.335928421882293 0.0920797395259876 0.00631792560422406 0.562281351861596 0.206921759668232 0.351695865191249 0.0166666666666667 6 4069 4565 4410 4616 4305 4032
-803.144589481052 0.357246197600463 3.62380589532079 -2.08676755205751 -1.85926963310792 7.24183906167058 4.99412798733243 2.81216131417778 0.00412202848438675 0.0117120842884876 0.00126148258694743 0.0571490592583615 0.485054081621632 0.0904915280285452 0.2151541005429 0.0166666666666667 6 4069 4565 4410 4616 4305 4032
-804.118834712671 0.443720888339162 2.83401669783671 -1.44031408955245 -4.42450181615378 7.07398499836086 4.28858180935714 2.51233816958367 0.0012050344484865 0.0234959667691556 0.00157844619011635 0.0301009403698486 0.504078788063263 0.19308737854877 0.165248092307383 0.0166666666666667 6 4069 4565 4410 4616 4305 4032
-800.781509575618 0.342922548340006 3.14691286061912 -2.94064420870703 -0.271775282360615 5.91807867357015 4.51964178137613 1.93289268325305 0.000124215650340502 0.154331427417317 0.0238864637339622 0.00859419503001413 0.513009969636828 0.259393226606773 0.00152782973461124 0.0166666666666667 6 4069 4565 4410 4616 4305 4032
-799.908133081194 0.352731769613306 2.98417258131 -0.197849213431453 -2.86509465684516 7.36020752651278 4.69695426375278 3.11490599433994 0.00402028115514745 0.0119166064146113 0.000857390312593902 0.0593086969739395 0.442050740339775 0.101244655191908 0.0459328952113417 0.0166666666666667 6 4069 4565 4410 4616 4305 4032
-820.414128127383 1.59289807634036 3.6461827012865 -0.76393693134093 2.19082137793627 5.9947341101336 5.61725981629121 2.7417617152045 0.00343450821247118 0.0123934997590939 0.003251455547985 0.0513460449874008 0.551607259504854 0.0780056651454556 0.922237382216155 0.0166666666666667 6 4069 4565 4410 4616 4305 4032
-808.026239001338 0.259814661251091 3.16694394934282 -2.15751894602968 -0.293458970679792 6.52735483943461 4.36061357009405 2.52965076292904 0.00266249953244623 0.012779899156768 0.0040726222100657 0.0597770961789971 0.000755719026349958 0.186779097778332 0.00512050930589526 0.0166666666666667 6 4069 4565 4410 4616 4305 4032
-804.504141707069 0.340433147986666 3.02117320137708 -3.09647923742091 -3.83690964390059 6.79188965168158 4.29766209051236 2.30216802025743 2.52945224377303e-05 0.988948849020521 0.0745179636297 0.00422504955642388 0.50669465667744 0.205259271056483 0.00203469156928018 0.0166666666666667 6 4069 4565 4410 4616 4305 4032
-806.44845837125 0.430870301683207 3.27949373843426 -0.670215684248828 -4.4721012887164 7.85066102971597 4.5239056070779 3.06158102773569 0.00381460316562649 0.0120008237526737 0.000875940700596219 0.0576972149917085 0.459817176904916 0.103210498594968 0.992764366984962 0.0166666666666667 6 4069 4565 4410 4616 4305 4032
-800.550992788512 0.329185585326465 3.83367649391961 -4.58277482533952 -2.71642685910182 7.20507997452229 4.74942880402699 2.5556729417653 0.00309546923938928 0.0128315872977775 0.00167723212591787 0.0496925288916521 0.424722421082884 0.128123171022563 0.0914523608353095 0.0166666666666667 6 4069 4565 4410 4616 4305 4032
-866.380889382293 3.04488963007107 1.80245747483974 -0.761258673635086 -0.201648656593138 5.70436742440747 3.08341794368007 1.34312584092698 0.000107935095162145 0.0667364535244448 0.0103225539554987 0.00767460794649383 0.604069359649027 0.999994202814616 0.0780002734559818 0.0166666666666667 6 4069 4565 4410 4616 4305 4032
-796.522233043397 0.30526086523271 3.25565626786318 -0.113990105283772 -0.406544487509495 6.84673386719611 4.74258293665489 2.73925781521 0.00260028343389472 0.0133089549003127 0.00160057867315881 0.0464026399809155 0.444368844692129 0.12920976546112 0.00611828729926172 0.0166666666666667 6 4069 4565 4410 4616 4305 4032
-795.210330571231 0.225780829370071 3.04958059024195 0.117219632610014 0.483839136347072 6.64911999100888 4.74177297527948 2.7932943416687 0.00223084344007846 0.013629614369682 0.0015950307617726 0.041248823843843 0.475454716580427 0.135494030944417 0.00228123425080804 0.0166666666666667 6 4069 4565 4410 4616 4305 4032
-795.501628493555 0.303799226068974 2.83491715509716 0.345956221526872 0.625261955565921 6.48712416156662 4.65881340955143 2.72981621659391 0.00199755975262286 0.0134768905435364 0.00170311256950336 0.0422925186214842 0.437898258861086 0.160922298682272 0.00239894014194471 0.0166666666666667 6 4069 4565 4410 4616 4305 4032
-796.532774273027 0.591978541476735 2.93955843058811 1.43205021247067 1.1030053050147 6.85911646841407 4.74699595025689 2.74410331858568 0.00215272199063356 0.0125879253079027 0.000204239766121024 0.0380577443098945 0.528093923235688 0.130713377340864 0.000895705700996915 0.0166666666666667 6 4069 4565 4410 4616 4305 4032
-795.464511048848 0.787803150733434 3.83854191941157 -1.54530624197783 1.24159268184638 6.36625885493431 5.00250403360077 2.4155152094071 0.00237657955675868 0.0129862103207598 0.000896828012358575 0.043096244466056 0.499447875164658 0.140550513183947 0.000798818095804827 0.0166666666666667 6 4069 4565 4410 4616 4305 4032
-795.159772429143 0.595700733924482 3.13646479361154 0.228746499324436 0.809904942192397 6.35408131556754 4.6889775996453 2.60960214589414 0.00203816226866463 0.0137075056660532 0.00139355712263822 0.0436335222691001 0.419440515977261 0.161167084530235 0.00127713119009154 0.0166666666666667 6 4069 4565 4410 4616 4305 4032
-795.979282231766 0.463846406228679 2.35630134982076 2.11710122871852 1.55811050014546 6.06058308709599 4.43948908538125 2.55659083470192 0.000983500352204071 0.0159125383796793 0.00227683860434035 0.0242905555479818 0.490015155121424 0.236051995418349 0.000179512086034719 0.0166666666666667 6 4069 4565 4410 4616 4305 4032
-796.574329593389 0.649359343446392 3.06191083787644 -0.99104974163804 0.0326240895359611 6.57536025789981 4.76733492232522 2.62796836441045 0.00235724420595281 0.01293778985639 0.00065704985754561 0.0420382253837497 0.438156135489784 0.162802844695142 0.00132515794954097 0.0166666666666667 6 4069 4565 4410 4616 4305 4032
-795.647681573485 0.550414754379253 3.04374566105792 0.144073212966677 1.01283680278438 6.51200945702783 4.78407874590063 2.82279079079514 0.00222456439401981 0.013554843411054 0.000144719073421531 0.0444614275074627 0.465371448693342 0.140223497709498 0.000449611197783834 0.0166666666666667 6 4069 4565 4410 4616 4305 4032
-795.382594191774 0.377007284681272 3.31395088167887 -1.19173533626058 1.02656004734478 6.27264190722098 4.66764274203661 2.3946882022752 0.00182309602966779 0.0147847901384451 0.00117929096344578 0.0404809004588882 0.450614508384578 0.185771136522542 0.00123391610829306 0.0166666666666667 6 4069 4565 4410 4616 4305 4032
-795.998305465566 0.519425455692119 2.72743127337327 1.02036887776048 0.220201012953233 6.51240949993704 4.65040846010911 2.547944779696 0.00155592764370596 0.0168677046148317 0.00219634769299852 0.0320000772170696 0.485230053771499 0.166670154873152 0.000880285923063162 0.0166666666666667 6 4069 4565 4410 4616 4305 4032
-795.256260892978 0.579228914238381 3.04685708086981 -0.378806829352301 1.4848692074743 6.31199978614079 4.89449486374326 2.72897424554644 0.00188576456610305 0.0146679139218563 0.000760477517116987 0.0346588510870782 0.511063168368186 0.146369758119809 0.000845334319293654 0.0166666666666667 6 4069 4565 4410 4616 4305 4032
-796.483187798664 0.473568696388402 3.18402425683032 -0.90599139729013 0.940508521746715 6.18336167559439 4.75425147434705 2.29968183816443 0.00127958236866307 0.0179673767159526 0.00257204265532118 0.0330141418651728 0.445843019376767 0.189635062886413 0.000185291662850309 0.0166666666666667 6 4069 4565 4410 4616 4305 4032
-797.618575798685 0.480315456922246 3.0718414703598 -2.4791360997229 0.0355055300333559 5.97455734347146 4.42846343903927 1.96876829942398 0.000291203476808283 0.0705243097276622 0.00198535599475029 0.0137255286202669 0.500966404994891 0.274617795121022 0.000255970131075367 0.0166666666666667 6 4069 4565 4410 4616 4305 4032
-795.218867567997 0.443432660955855 3.39638070518386 -1.6940793251337 1.58897783952259 6.01848353751734 4.91198053202461 2.34862025629157 0.00190139820967712 0.015017583178068 0.00118994748152601 0.0346885409583973 0.499831895330223 0.156178723285259 0.000799218308547392 0.0166666666666667 6 4069 4565 4410 4616 4305 4032
-795.582865792664 0.201074605137814 2.84318539712641 1.17895477179141 1.77997054908573 6.00470178263657 4.7441830757552 2.36594087308652 0.00117116869370394 0.0167397017905162 0.00278475185235641 0.0313691250201991 0.46911747599135 0.198883834470602 0.000260912995414044 0.0166666666666667 6 4069 4565 4410 4616 4305 4032
-795.238160356618 0.468446634494686 2.64592495428776 1.90218511989354 1.54340485563658 6.3215171809317 4.76972784792456 2.74440116075402 0.00146945574386754 0.015668489049333 0.00150828412552523 0.0319846970674557 0.471527579334027 0.151266777336126 0.000556036658564116 0.0166666666666667 6 4069 4565 4410 4616 4305 4032
-796.007939044149 0.301755977328822 2.58805543138358 2.00913858444997 1.73426184517003 6.35356952062822 4.59088027093979 2.84232226492191 0.00157651764834013 0.0140506218512341 0.00199859998645504 0.0309352704471336 0.509508461012739 0.165485745213574 0.000138736551643426 0.0166666666666667 6 4069 4565 4410 4616 4305 4032
-795.294065986957 0.345783316462767 3.33294311788673 -0.524603365203459 1.35070705816609 6.23693280708756 4.94044750031668 2.41809323549216 0.00186763613253081 0.0142060410562807 0.000638227537015447 0.0395400232198211 0.488510311918587 0.165161709201342 0.000683442809960621 0.0166666666666667 6 4069 4565 4410 4616 4305 4032
-795.728714551724 0.287349396651796 3.32629859830395 -0.61719358074803 1.39758940034436 5.95684869006304 4.86051125343923 2.36000155426545 0.00147361616478227 0.0179348796556755 0.000968249799182222 0.0324933630728482 0.498752401250498 0.164379839914153 0.000349400724943763 0.0166666666666667 6 4069 4565 4410 4616 4305 4032
-1022.60240721105 3.05984835316234 3.61580648947975 -1.82412291256882 1.02425580947954 6.46388304786184 5.14067115672913 2.62761099766216 0.00334445261721448 0.0116623950182757 0.0010724933672807 0.0528727001561587 0.459183839202124 0.102859268549383 0.0038946233606828 0.0166666666666667 6 4069 4565 4410 4616 4305 4032
-795.996167520786 0.392883199224237 3.09539813910527 1.51359701203556 1.20410760788031 6.66627428950256 4.63651944739315 2.87391567447594 0.00218343760166296 0.0124596485857205 0.00132409853684332 0.0476433400172805 0.423128749399233 0.133940320204559 0.00106348367298668 0.0166666666666667 6 4069 4565 4410 4616 4305 4032
-797.444240403102 0.683786177717998 2.29713672912019 0.657319522966209 0.676118113961863 5.74166486909277 4.39587298235639 2.10311553630438 0.000291406417777164 0.0581747879511739 0.000498718041412205 0.0137110412170187 0.508862277133858 0.277930673662634 0.000157698866442863 0.0166666666666667 6 4069 4565 4410 4616 4305 4032
-800.229473789238 0.299789125370081 3.23470810503379 -1.6693443077106 -1.87025938783616 7.26015611328938 4.69841367229822 2.87465476240483 0.00367014393926988 0.0118698068050808 0.00182081413999087 0.0587396672767521 0.426832372472704 0.115241057612361 0.0588871898173022 0.0166666666666667 6 4069 4565 4410 4616 4305 4032
-940.440563615068 3.15056496159236 -1.55908984964239 2.0406249473139 1.63661825648361 -2.15949476619833 -0.611652015458276 -3.4701479734392 15.4255388438776 0.998894492659498 0.331165056215779 0.225582976597752 0.448524385759902 0.970794880498064 0.829788558882428 0.0166666666666667 6 4069 4565 4410 4616 4305 4032
-797.874397593223 0.348821531435065 2.99240471058956 -2.80641506872519 0.207549195242107 6.12154924594023 4.58498836910797 2.20653683681728 0.000862374083274638 0.0291126527597387 0.00484967145259294 0.0227395124386537 0.490307312821797 0.203232480014798 0.00187127770348671 0.0166666666666667 6 4069 4565 4410 4616 4305 4032
-928.879074584525 0.61786836942661 -0.976816233467324 -0.404479975268785 -2.47198201074808 -3.15653785476207 5.71140097631368 3.17218799661636 0.00187537325976715 0.133667688850263 0.0596856921604554 0.0613449062723649 0.00883690213719028 0.0421756135945868 0.0164622936836498 0.0166666666666667 6 4069 4565 4410 4616 4305 4032
-797.968440809435 0.398739834421227 2.36925029712138 1.16146214506737 0.0651747693527483 6.19794913882559 4.2961115672978 2.25187170103192 0.000102533242871264 0.163728844581155 0.00282859060072848 0.00812499566949507 0.51102476921582 0.25564402423514 0.00010706081108387 0.0166666666666667 6 4069 4565 4410 4616 4305 4032
-799.89621813274 0.435729990376313 3.1643100583733 0.201975116798514 0.285274991643481 6.64471125125721 4.8523965143223 2.59321648648278 0.00226376600127364 0.0152558468881569 0.00118044628720383 0.0356827357749484 0.539142069277844 0.125946734832418 0.0173659777185764 0.0166666666666667 6 4069 4565 4410 4616 4305 4032
-796.332388867234 0.370382517123867 3.36696314692078 -1.46728137831926 -0.44660484948571 6.78950707152725 4.61759882461974 2.5869325436624 0.0023507029364121 0.0135982300925049 0.00135789943518703 0.0461494992878548 0.45268452730472 0.154213684971372 0.00464255261526713 0.0166666666666667 6 4069 4565 4410 4616 4305 4032
-810.186074785161 0.662525519025075 2.76764090445917 -2.3326687768918 -1.53259759059768 6.77726199218566 4.29259482259806 2.41362402008305 0.000999701948882544 0.0213995917991644 0.00219457596288744 0.0283819332191732 0.511936203527106 0.231434742440206 0.215992027505318 0.0166666666666667 6 4069 4565 4410 4616 4305 4032
-858.654532766006 0.510585675961675 0.339354633257044 1.56446487511487 -0.916245573728964 4.31257058186604 6.72302126622586 3.39388333746412 0.00656605927515514 0.0153306684905443 0.00338256570012851 0.0703244918234476 0.732678823282298 0.0448895366193381 0.103879863558523 0.0166666666666667 6 4069 4565 4410 4616 4305 4032
-986.328177166673 0.732351003963967 -3.77798832937922 -2.43139403969256 -0.466421948767584 -1.04206060191805 1.86799817386389 1.74021861953968 0.0114749647472204 0.0544053376871753 0.00749139360858098 0.00505007886501915 1.61076718774543 0.00707549330527224 0.79852080542357 0.0166666666666667 6 4069 4565 4410 4616 4305 4032
-806.124004704499 0.561132308643799 3.16521311961173 -5.05874938309017 -5.34263386673271 7.75830265637313 4.60205616937226 2.96250381458124 0.00326474941487848 0.0131228791111424 0.0015239921253699 0.052525416868885 0.47960120949844 0.110551097671267 0.959396890256267 0.0166666666666667 6 4069 4565 4410 4616 4305 4032
-971.286333966407 1.5830094245893 -0.185163419361851 2.84298350694844 -5.19279396073383 0.54181592485978 1.78745446687939 3.25188126750965 0.00307555038033082 0.116492904089672 0.00265207999748741 0.00959125618052035 1.42130426151495 0.0308196542055479 0.648338651756005 0.0166666666666667 6 4069 4565 4410 4616 4305 4032
-803.997112051702 0.428314204727069 1.49714624817032 3.65465001551869 -2.37682293221799 7.32986315472337 3.95966230643826 3.1868359136108 0.000890245178613586 0.0271662137486245 0.00529596877127972 0.0239982219535748 0.498046690013219 0.173212216693368 0.00898778544084982 0.0166666666666667 6 4069 4565 4410 4616 4305 4032
-812.060446793426 0.524898978577312 2.36095628011213 -1.55455087706286 -3.43572614015816 6.71399805076872 4.47229647962933 2.61085732254134 0.000156194196797006 0.199319620284686 0.027393626575055 0.0091315274373828 0.563373568449626 0.153500665536451 0.0659090591325498 0.0166666666666667 6 4069 4565 4410 4616 4305 4032
-947.80391785184 1.94465661727695 -0.883302095925325 -0.412937365712421 -3.77924404860319 -2.64230147482516 6.62299176693836 2.71625249344622 0.00131794539778086 0.155224051865957 0.0538268476452878 0.0486881198346141 0.597480763283887 0.042946065520995 0.706583220998798 0.0166666666666667 6 4069 4565 4410 4616 4305 4032
-861.090176937037 0.400545132405727 -2.05672367806825 0.347171039818026 -1.30482984422938 5.18075053821121 5.77245214601828 2.91151700555901 0.00131902830005038 0.0611301854370359 0.0138497926787421 0.0334652524244759 0.641166143324599 0.0744266230704527 0.080630441642209 0.0166666666666667 6 4069 4565 4410 4616 4305 4032
-815.394141901617 1.32357906965785 3.63900874654683 -1.81085218632762 1.90532009889478 6.08369850457325 5.18064209269429 2.61553370349884 0.00208533346688053 0.0162426699296392 0.00239159650715747 0.0255904430390244 0.683867819144883 0.0872847800623222 0.413144028879085 0.0166666666666667 6 4069 4565 4410 4616 4305 4032
-804.353205714686 0.529239399471897 4.30535701600305 -4.39977053335079 -2.62565170084593 7.25559748683729 5.27305516528671 2.50133057813738 0.00409561998921402 0.0118719302034008 0.00174001785008907 0.0551504354665835 0.461995527964045 0.0862559440489957 0.287732985043977 0.0166666666666667 6 4069 4565 4410 4616 4305 4032
-824.56181044509 0.607804407910164 1.54924479245794 -0.246479077381515 -4.58239997474066 6.25837681472053 3.06469158654353 1.66124928442366 0.000620462821080249 0.0144093358909515 0.00392940757772502 0.0272398580964716 0.383522428048321 0.933012339336485 0.585979480710934 0.0166666666666667 6 4069 4565 4410 4616 4305 4032
-816.74046558533 0.429120012600452 3.86011090704389 -2.12905838628175 -2.61557012744316 5.27823165858303 5.60545840633925 1.59866819377423 0.000967638146300832 0.0316778083484034 0.00733656448557827 0.025276394524725 0.537032234397693 0.187176600826928 0.0540067790214289 0.0166666666666667 6 4069 4565 4410 4616 4305 4032
-795.266464506679 0.362665071577199 3.25099161282436 -2.01850013922053 1.09716145058656 6.19685704905161 4.80653919090375 2.4051931373756 0.00167917084060604 0.0165318386159105 0.00151355827240416 0.0358114912103799 0.446121931778518 0.163346961807545 0.00121126676422912 0.0166666666666667 6 4069 4565 4410 4616 4305 4032
-795.228443801479 0.160053462141618 2.68748390305961 1.57025469305989 1.44893555082241 6.18430054603349 4.61873412337914 2.59303709323212 0.00124631435895913 0.0170765573180234 0.00256790434586106 0.0301130128716956 0.465558325003282 0.181129664154825 0.000394519115371731 0.0166666666666667 6 4069 4565 4410 4616 4305 4032
-796.051861729651 0.325136165114718 2.76385317386824 1.06861498526943 1.31762480551462 6.05644366405642 4.73641080120152 2.44435716385268 0.00139272245162011 0.0154958378833207 0.000378767764978945 0.0282637759747236 0.504093678783249 0.203494153133406 0.000116549456995074 0.0166666666666667 6 4069 4565 4410 4616 4305 4032
-794.733446206424 0.218746741225104 3.65230512065424 -1.39970897033977 1.66331815842171 6.27223606602997 5.14165047620915 2.52202369682576 0.00252419699911294 0.0126393340990066 0.00163626688371207 0.0453694286713572 0.456905886149437 0.121653890837239 0.00180175434689358 0.0166666666666667 6 4069 4565 4410 4616 4305 4032
-795.433714283208 0.379222947132965 3.04017733027824 1.41408080559713 0.747975829914794 6.66962260927411 4.78612138275214 2.92242568540166 0.00248867196570088 0.0122903204848253 0.000916087265556632 0.0461872023894196 0.478633224856314 0.120117630481406 0.00105695315306699 0.0166666666666667 6 4069 4565 4410 4616 4305 4032
-794.653644297398 0.229130557315209 3.34485226825776 -0.395379797358488 1.69169639162426 6.28679139258816 5.07817325452855 2.58980419493784 0.00239589281653422 0.0129362454453786 0.000891471590487003 0.0417821557627321 0.469164120329595 0.128201956060516 0.000895129693287712 0.0166666666666667 6 4069 4565 4410 4616 4305 4032
-795.330229914761 0.369483102172682 3.37707847314331 -1.95156797877425 0.929754030173008 6.26591022080733 4.91888424587988 2.42700634224978 0.00205325728852147 0.014540834653638 0.000285397779319259 0.0394245161107257 0.490298060572934 0.159135951002386 0.000787346682085869 0.0166666666666667 6 4069 4565 4410 4616 4305 4032
-794.656322808663 0.297787306348418 3.71908164855767 -1.98812946476518 1.92352157429383 6.25393009657799 5.01842677060806 2.51150487629764 0.00249681917554473 0.0124328136897913 0.0014550386400768 0.0459500972592562 0.45506291030222 0.133797792463475 0.000937633877392026 0.0166666666666667 6 4069 4565 4410 4616 4305 4032
-794.9491214127 0.309916575288603 2.63127596267707 1.91554897583489 1.5598527567214 6.27918801655898 4.71384281990203 2.77526096608375 0.00164077238182923 0.0143846979305965 0.00165137718720789 0.0336368126454193 0.463538542798014 0.155133134485091 0.000385104976400268 0.0166666666666667 6 4069 4565 4410 4616 4305 4032
-997.841336963845 4.41036156832305 3.41011083783601 -0.286114703107746 1.41367998952479 6.34192800329408 4.97663298734594 2.66165370353567 0.00237800014952395 0.012534668509724 0.00114424574534374 0.0439815563011983 0.459187491145607 0.132844752671697 0.00103008101217966 0.0166666666666667 6 4069 4565 4410 4616 4305 4032
-794.78221179716 0.245924811251179 3.42148524151148 -0.995603958033423 1.81100860101249 6.1304286595725 5.13320365590843 2.44796987646092 0.00221787230161805 0.0135919396033252 0.0015220768971097 0.0407519515184631 0.455668290373829 0.13211657334423 0.000833488026517034 0.0166666666666667 6 4069 4565 4410 4616 4305 4032
-794.602801780923 0.239993034219163 3.28393149392127 0.112242967535973 1.77692253907337 6.15973635480772 4.99302437950175 2.55010109497844 0.00232145799604294 0.0126120826265135 0.00151266171603389 0.0421376229691117 0.453744170915507 0.137545770215556 0.000548660216052013 0.0166666666666667 6 4069 4565 4410 4616 4305 4032
-795.482926838459 0.382932981675623 3.30785107210162 0.0870224241722818 1.61243051510203 6.02105989807631 5.05015655339088 2.31135008965256 0.0020509370594515 0.0133954627127435 0.000144633815159457 0.0382616674918635 0.475275585763167 0.154348909433007 0.00119125705605715 0.0166666666666667 6 4069 4565 4410 4616 4305 4032
-795.082366346614 0.222461548143317 3.84008328025654 -3.09135406332681 1.64354422985232 6.09212863571332 4.9510951796399 2.2448899146545 0.00206713071366852 0.0147281744350407 0.000962451737687012 0.0392609697301653 0.467864031952596 0.154627438573171 0.00072431217378191 0.0166666666666667 6 4069 4565 4410 4616 4305 4032
-794.761218529106 0.317029474708729 3.41529337544673 -1.30724089060293 1.53905957250064 6.24640853567398 5.00696666218463 2.5109769460332 0.00211316894691731 0.0140828696381333 0.00145904604096499 0.038399487187103 0.47765670267132 0.13570901487379 0.00117667349040779 0.0166666666666667 6 4069 4565 4410 4616 4305 4032
-794.585246129662 0.329227713880962 3.24215913139774 0.430226924354341 1.84121397439268 6.20442500153171 5.03752185720561 2.65287079312223 0.00256352860428688 0.0119786711168348 0.00120656329762029 0.0464553026116703 0.451183495442331 0.134399037711471 0.000922294045573555 0.0166666666666667 6 4069 4565 4410 4616 4305 4032
-794.774494175248 0.311709116158326 3.4497907385319 -0.627132379446475 1.94543752858242 6.26745992665189 4.98500886003584 2.684845130068 0.00261603299137576 0.0124480252959133 0.00117041932323267 0.0473166551361461 0.447063917064021 0.127160859966369 0.000611966923231969 0.0166666666666667 6 4069 4565 4410 4616 4305 4032
-993.714896387568 3.39382179400968 2.84659155521534 0.439500609062849 0.886486219726426 6.36473396894967 4.60947146327172 2.68736429800953 0.0017162959167854 0.0148103379579154 0.00103353824824813 0.0336907895582578 0.49819039155119 0.172979926575052 0.000921573031530534 0.0166666666666667 6 4069 4565 4410 4616 4305 4032
-794.63392341392 0.156710389329039 3.148605984345 0.493616617227998 1.98223789298321 6.24101443276313 4.98787038293187 2.69335549199312 0.00210844894187275 0.0127260452791682 0.00146924556391611 0.0407240703776934 0.464526446255146 0.13571550242406 0.000511686149793576 0.0166666666666667 6 4069 4565 4410 4616 4305 4032
-794.631957034303 0.268212200114294 3.32328467578151 -1.02649313723523 1.83640875141225 6.13831484932735 4.95234944481356 2.527039487323 0.00215531766665661 0.0131441524916832 0.00181740000144961 0.0414279093400235 0.442883253734125 0.147587886912182 0.00100422539087084 0.0166666666666667 6 4069 4565 4410 4616 4305 4032
-794.680701138046 0.175793383593051 3.28677030867045 -0.629996182633498 1.63943161127311 6.22533389627171 4.99774066420525 2.62501152759489 0.00244898251027005 0.0130562220993047 0.00171552118134816 0.0440240414157996 0.451405545718289 0.133482800756771 0.00116746009383231 0.0166666666666667 6 4069 4565 4410 4616 4305 4032
-993.603719137169 2.92416851796405 3.36094734290036 -0.595297930497943 1.58288127612086 6.21644161132231 4.92180494071974 2.54392075074423 0.00225136085269192 0.0130711367291905 0.00143857404272652 0.0424151238353439 0.437532358947367 0.143185733753637 0.000704345665927076 0.0166666666666667 6 4069 4565 4410 4616 4305 4032
-795.163330378775 0.338706350798561 3.27651739833584 -0.240409187115058 1.32764801829736 6.33781352962252 4.88374627170543 2.53430851385378 0.00199604222102271 0.0140248841405846 0.000201239297016044 0.039138375478273 0.514857950060594 0.15170279030782 0.0012318713427338 0.0166666666666667 6 4069 4565 4410 4616 4305 4032
-795.627191634635 0.457455953462961 3.05470443522221 1.0092809107555 1.16705711314712 6.24769828769872 4.75689639967998 2.3850768132887 0.00146720247446774 0.0147317140124147 4.71068476058984e-05 0.0343500424525211 0.482874967118944 0.190257603338593 0.000250392307464323 0.0166666666666667 6 4069 4565 4410 4616 4305 4032
-795.771628129584 0.34571019389124 2.82009839098994 1.90538622885659 0.549543043345457 6.59486016212474 4.79440024591785 2.77326790252072 0.00198120150136772 0.0141927111903185 0.000193409936418445 0.0368430568860392 0.505599228809728 0.137370527648625 0.00185412539328715 0.0166666666666667 6 4069 4565 4410 4616 4305 4032
-795.751426286025 0.240035578430753 2.53091987962602 0.854395653239789 0.821983191559878 6.07955580725523 4.54806177768136 2.47397938801147 0.00120135165822727 0.0179438859586885 0.00187427313375156 0.0268058882053324 0.507841379777557 0.213543251384074 0.000390906228832677 0.0166666666666667 6 4069 4565 4410 4616 4305 4032
-794.577908744909 0.296126896171491 3.3689014357082 -0.759395318303433 1.44318193042464 6.29483878929913 4.89354194582193 2.57852005689408 0.00220783113977483 0.013347599695696 0.00101520635794918 0.042874983346302 0.465881857997173 0.144178193887334 0.000909722093486677 0.0166666666666667 6 4069 4565 4410 4616 4305 4032
-795.426536915489 0.370258219660644 3.2476221448365 0.559860418296859 0.751304700120675 6.48042040782861 4.89132006435066 2.62417991003294 0.00236064406061129 0.0137068092391603 0.000226229763921826 0.0443577193811579 0.488698686903839 0.131210341137248 0.0011456880564922 0.0166666666666667 6 4069 4565 4410 4616 4305 4032
-948.454815802913 4.4511288960281 3.32306483055971 -0.468056649234552 1.64760813800773 6.0769144830227 4.97632933393132 2.49768665017205 0.00195428690769914 0.0144476124480099 0.0018037019033953 0.036397780064085 0.477346065262478 0.151242788916248 0.00050199085052657 0.0166666666666667 6 4069 4565 4410 4616 4305 4032
-795.011252354825 0.254472167062141 3.26927981235878 -1.2249682235229 1.28907511556979 6.24551872105869 4.80719721347537 2.46173061074699 0.00193695971596831 0.0139711109718238 0.000789169712908832 0.0395696876773287 0.48614941012137 0.167411106049895 0.00125598251702742 0.0166666666666667 6 4069 4565 4410 4616 4305 4032
-795.16047969789 0.276703564308572 2.61513875156296 2.24216131519214 1.23848122225348 6.35759409966468 4.76847105956363 2.84593808098224 0.00188467741550771 0.0138064744735242 0.00124528944058749 0.0354751079791146 0.480999795313268 0.145714597930814 0.000456902173575367 0.0166666666666667 6 4069 4565 4410 4616 4305 4032
-794.57431078284 0.259037915366576 3.56617989502248 -0.801718544740638 1.90058783789131 6.09962144177899 5.11414938335477 2.43705214404172 0.00232318093936785 0.012837235071027 0.00135609593301277 0.0422981387780118 0.474354032403056 0.133033617883996 0.000968652325693218 0.0166666666666667 6 4069 4565 4410 4616 4305 4032
-794.961660808518 0.320389067984206 3.26879162260784 -0.081329667981724 1.20691567773689 6.25274576553594 4.91508849818118 2.50833795685652 0.00215452112930948 0.0126230286898969 0.000761641686195396 0.0415442056284241 0.468250891276592 0.16301657294988 0.000749096437971887 0.0166666666666667 6 4069 4565 4410 4616 4305 4032
-794.871429117702 0.214152641959031 3.65973242382443 -2.06483800695795 1.43602362012258 6.23782583038251 4.9989247878931 2.37960752673396 0.00241170102815575 0.0135913736697095 0.0015534080143873 0.0428835384152378 0.445743684043777 0.138092956938295 0.000755909848645911 0.0166666666666667 6 4069 4565 4410 4616 4305 4032
-794.54513233619 0.269939228796088 2.9754639325389 0.110758197466095 1.66541342285169 6.19001290162081 4.85270508877963 2.65461126260488 0.00192511974619828 0.014252185318004 0.00167775156009595 0.0388748242246547 0.450575150745385 0.147712354300285 0.000678500854655107 0.0166666666666667 6 4069 4565 4410 4616 4305 4032
-795.688198849486 0.351692156964791 3.12545803126472 0.4172771201968 1.90735863050261 5.97337544044242 4.76569517873912 2.39031893810452 0.00120075019077036 0.0163939590786644 0.000303040421154615 0.0299950830483678 0.486834662801731 0.189087733718369 0.000327882008065479 0.0166666666666667 6 4069 4565 4410 4616 4305 4032
-1017.42256405685 3.48575201844865 2.95893453001814 0.981722914949691 1.92349436553659 6.30468749067357 4.82409528854554 2.6612312047014 0.00185469887276606 0.012848900055797 0.00157078669292431 0.0398765262633807 0.467467999636977 0.151080113432549 0.000412337795986919 0.0166666666666667 6 4069 4565 4410 4616 4305 4032
-794.930091987068 0.230660070008617 3.54511394008472 -1.8206430330714 1.47081545376695 6.3970827390396 4.96578254435399 2.60536564431234 0.00239698279777846 0.0132350341648045 0.00156578911933277 0.0417954195171874 0.458597625886613 0.127359238239926 0.000858655185465754 0.0166666666666667 6 4069 4565 4410 4616 4305 4032
-795.223660093642 0.311054036259177 2.93897841874871 1.81727308618585 0.867277693352736 6.64997088892394 4.76568297272541 2.89625925375035 0.00242443164767921 0.0120412001728474 0.00178730905704657 0.0467293617473129 0.446880017426867 0.131035458298836 0.00159921169786739 0.0166666666666667 6 4069 4565 4410 4616 4305 4032
-959.557529512663 4.43698841115032 3.28524667762511 -0.510010530750018 1.09165698806498 6.28913294171394 4.83876116722698 2.4902996834871 0.00202932293148485 0.014098344365308 0.000189153448106586 0.0354496656285673 0.507978431283516 0.156279767694131 0.00175411217653913 0.0166666666666667 6 4069 4565 4410 4616 4305 4032
-797.349594506195 0.267274867131444 3.04659390257389 -1.53393692402539 -0.377289729534588 6.26319657995761 4.63998740591601 2.25653239403477 0.00122429188653756 0.0203980168120877 0.0022491882535279 0.0299165708817788 0.463227316798033 0.199154421364967 0.00447762329123798 0.0166666666666667 6 4069 4565 4410 4616 4305 4032
-813.656011038921 2.32795499992959 2.10320593417911 2.36827244929462 0.228809405929244 6.84128640530114 4.64360662726266 3.25403896169257 0.00202980916955305 0.0157605643316868 0.0023095190691874 0.032399503325084 0.620118425821261 0.100692017041978 0.611616377726986 0.0166666666666667 6 4069 4565 4410 4616 4305 4032
-802.365496601963 0.200833305747834 3.17994666704539 -4.65643925517071 -3.81062795783732 6.93522269583313 4.22266908067682 2.27787337409685 0.000905544500097194 0.0296500973200041 0.0042564929167967 0.0251901117781886 0.464409680745239 0.220145652385412 0.047454388984906 0.0166666666666667 6 4069 4565 4410 4616 4305 4032
-953.307347282477 3.62892218766038 2.05209002519757 1.45791615149316 -3.06544569053533 7.11711942961636 4.17829002104757 2.54446488114329 0.000962759081476705 0.026552700402165 0.00512774674693694 0.0281310736454917 0.50770614525595 0.210776561660431 0.213910788584871 0.0166666666666667 6 4069 4565 4410 4616 4305 4032
-799.616751002696 0.338829495625346 3.6545148750983 -2.9982460679245 -2.31048073891807 7.35559375440751 4.80594941762474 2.83024957900398 0.00401494735741287 0.0118965775420138 0.0013221405565917 0.0601589577754326 0.428561613339961 0.0962152765872421 0.0541776168627146 0.0166666666666667 6 4069 4565 4410 4616 4305 4032
-820.280079649205 3.75615869690208 1.70888054687837 -0.463554672835313 -0.258882269469555 5.50236381833805 3.12487909872263 1.8605748445807 0.000249147369510094 0.0240509972430573 0.00301669183250236 0.0111301707243693 0.611203279296961 0.936894457332871 0.137855191124864 0.0166666666666667 6 4069 4565 4410 4616 4305 4032
-801.274954695673 0.315754798882427 2.45669522221392 1.97856030074574 -4.31933205545753 7.75201394308515 4.38407913730237 3.14026718766201 0.00305505028875899 0.013292508990282 0.00168034916763037 0.0534307287136466 0.46816192416201 0.120236054063032 0.03294843136343 0.0166666666666667 6 4069 4565 4410 4616 4305 4032
-819.439472345381 1.45587118389882 2.52849749586275 0.429600445974363 -1.05492269137237 6.52102737438117 4.56387515610884 2.3826738809491 0.000355838043808591 0.0627743727591484 0.016765908584183 0.0105329239397192 0.617597127126515 0.191936503571899 0.603847350701071 0.0166666666666667 6 4069 4565 4410 4616 4305 4032
-808.43476015277 0.461252670317199 3.24043881908656 0.065650979028832 -2.5743490772299 7.49361261220201 4.78267064611423 3.03780328090178 0.00404135706847331 0.0122659353703912 0.00155005525173304 0.0603004309414552 0.505375868682377 0.0857217653239036 0.831350921734108 0.0166666666666667 6 4069 4565 4410 4616 4305 4032
-803.406489672536 0.451785096851263 3.50339188172894 -2.04803500175035 -5.23800692405918 7.79989508588545 4.51104065884768 2.77245994190662 0.0030255498331689 0.0128114197481872 0.00175297500942672 0.0535993702841801 0.420697919250167 0.124870079939765 0.478972806532597 0.0166666666666667 6 4069 4565 4410 4616 4305 4032
-799.889210101875 0.249594015329443 2.44438300348824 0.600707413244532 -2.35171474931915 6.70849874406231 4.13057802456231 2.2804527419564 0.000766868593492721 0.0258618185656601 0.0034613391766455 0.0261869128810128 0.44841479089648 0.269279913835429 0.00362038462150428 0.0166666666666667 6 4069 4565 4410 4616 4305 4032
-798.45025935263 0.294681186605713 3.11776911059597 -1.50664345688076 -1.89063619552703 7.16582705143291 4.5599889736287 2.83876847700375 0.00264093696821964 0.0141048696861247 0.00192824105269127 0.0482719600714439 0.42214926310911 0.128157602124431 0.0207995665753935 0.0166666666666667 6 4069 4565 4410 4616 4305 4032
-810.664907721804 0.663984519401404 3.37212452243005 -0.38063999523043 -1.75620786804596 7.33455062917484 4.7128366732497 2.8962920721158 0.00320464552946386 0.0122799227230761 0.00213169628350048 0.0446290882648249 0.522567966432241 0.100895284512832 0.990963794441384 0.0166666666666667 6 4069 4565 4410 4616 4305 4032
-822.622865072255 0.912717394108307 2.5270441170016 0.865776385577397 -0.599400636765667 5.53495660001416 5.64203797387823 1.95421103677546 7.90052497175033e-05 0.403236024124235 0.0778778807463287 0.00530357078156863 0.662663155689945 0.123018664875924 0.0248509525803254 0.0166666666666667 6 4069 4565 4410 4616 4305 4032
-874.90577894893 0.554486578531016 3.41509158706174 1.60217469170388 4.07876071924597 6.24292735309989 6.21942435265128 2.97550217598659 0.000966044389620484 0.07184064365467 0.00980814763866371 0.0294705425247409 0.820943870377489 0.997683858274372 0.922359617311884 0.0166666666666667 6 4069 4565 4410 4616 4305 4032
-799.402335969441 0.403597442164618 3.38393216581717 -0.735196753201599 -2.51520806262779 7.19569570353189 4.80523569556919 2.77426898743172 0.00335790776159239 0.0123345583671692 0.00122477749016511 0.0550312743709813 0.44456186597916 0.11408575455708 0.0505465483651863 0.0166666666666667 6 4069 4565 4410 4616 4305 4032
-798.012703034286 0.291385982481463 3.14454097213095 -1.49570561612925 -1.49610888576791 6.70608546760366 4.57280019749386 2.43064335012523 0.00166199469191266 0.0181416007458118 0.00155779802069713 0.0356897511392445 0.467801747163809 0.169645512656628 0.00744271160044213 0.0166666666666667 6 4069 4565 4410 4616 4305 4032
-824.615539508704 1.12773817747593 2.79693257451843 -0.592530977594622 -1.03180677752095 6.28509945710879 4.41692202679461 2.34803150914991 3.88247532562329e-05 0.587106908201207 0.15417668287802 0.00489456745342997 0.61144840633835 0.193406800163114 0.155012808507902 0.0166666666666667 6 4069 4565 4410 4616 4305 4032
-813.368375104152 1.28215876601353 3.3020090019494 -0.986187615416461 0.0215849174236208 7.16861145386194 4.86601497808392 2.84017641490069 0.0026756846124456 0.0141776856438073 0.00183633207993206 0.0362852683811108 0.626417418431785 0.081078349611877 0.810460324003036 0.0166666666666667 6 4069 4565 4410 4616 4305 4032
-813.289506291428 0.52678220604562 2.04226513417193 0.817554101577763 -3.0243521128794 6.81975907947491 4.65001283368447 2.99477961186099 0.00185869723300413 0.0192437442496022 0.00414203630652983 0.0318581020747465 0.523847131868132 0.134338870846282 0.705435671076154 0.0166666666666667 6 4069 4565 4410 4616 4305 4032
-809.075004977158 0.252861144950708 3.61723963924626 -0.623955708156198 -2.46518168400062 7.63168765947542 4.94352038630506 3.08343774782431 0.00467415205774879 0.0116089604790957 0.00139773818203043 0.0640684807935836 0.506671906065472 0.0665255343667054 0.97138551700865 0.0166666666666667 6 4069 4565 4410 4616 4305 4032
-881.21290249961 0.448003793191037 2.98342606574761 1.37015576764819 3.1427203594487 6.15503372300062 6.00093812047645 3.65140865750519 6.04193333506439e-05 0.951801885264796 0.0738539094938848 9.37618358168173e-05 0.963555393650683 0.87205511649301 0.990160937583485 0.0166666666666667 6 4069 4565 4410 4616 4305 4032
-1060.55213548457 4.40825783436886 2.94132417528897 -0.799166542194402 -5.26737880019247 7.75398968996991 4.05180083656015 2.9689095383961 0.00358298411182882 0.0124658933186912 0.00427002458205268 0.0681165328518271 0.0218887777362705 0.14549630234555 0.522100315121825 0.0166666666666667 6 4069 4565 4410 4616 4305 4032
-1022.69554452883 3.82290423048824 3.40137594952337 -0.78582937140687 0.196286030391093 6.71372684847669 4.87873409902497 2.71831216813776 0.00288181117824143 0.0123093676556371 0.000937644722771267 0.0488580241529658 0.444859910056345 0.11996035342951 0.00564365043082382 0.0166666666666667 6 4069 4565 4410 4616 4305 4032
-851.676257008354 0.967425328499929 1.9130346810397 -0.850719598360757 -1.21813178793797 5.63019553532558 3.38082014865772 1.2541186370142 0.0006558934778576 0.01297574216863 0.000810667182846325 0.0227529994372214 0.625020497102203 0.977002282854379 0.185945998827085 0.0166666666666667 6 4069 4565 4410 4616 4305 4032
-799.941057181193 0.39006571502113 3.56824762230416 -2.53224651192428 -2.61393423585184 7.17807990536749 4.60927057937727 2.68262693842851 0.00287666050802994 0.0130439136272484 0.000159671247226608 0.0516232809011088 0.432358153761592 0.13386968405698 0.0598111179907272 0.0166666666666667 6 4069 4565 4410 4616 4305 4032
-820.334567325213 0.564655593516772 2.5758501883569 -0.800137500924696 -1.71525532882648 5.96461149053859 5.29859958610509 2.36660807799274 0.000686948368388624 0.0502600550789695 0.0126285977846837 0.0181520694048555 0.611275403534941 0.126983874714683 0.518192041415001 0.0166666666666667 6 4069 4565 4410 4616 4305 4032
-799.889016570405 0.403603947530618 2.88317907918482 -2.60651259719352 -2.09759973904234 6.59067806161899 4.25884731171707 2.24840815098918 0.000702816151475331 0.0330941039974852 0.00320841564547149 0.0232594023111996 0.465823239735507 0.251015281461412 0.00710261960590856 0.0166666666666667 6 4069 4565 4410 4616 4305 4032
-797.854040148558 0.307167826650217 3.00344235766282 0.568378647306837 -0.677478983873684 7.0235765570195 4.8800594948273 3.03767403079476 0.00345608880918937 0.0118447446988981 0.0015482927874445 0.0540778019859917 0.435196888322612 0.0970751232828101 0.0139261467416064 0.0166666666666667 6 4069 4565 4410 4616 4305 4032
-800.682086007133 0.346114514714923 3.42491993892356 -4.20117504840142 -2.92651747039286 6.91457273323314 4.54503823913545 2.46839897200419 0.00203255576790903 0.0173289879558591 0.00236930624481573 0.0396109717995771 0.436761052129724 0.15713073529581 0.0498322528892112 0.0166666666666667 6 4069 4565 4410 4616 4305 4032
-799.993542382686 0.492388944828051 4.15196476354176 -6.55419664426358 -1.57928981992536 6.81032451200067 4.92694105007383 2.36630008079573 0.00282801271737419 0.0131727066753566 0.000237739081355283 0.0464329970128137 0.460629268663416 0.138289301254924 0.0557215393536483 0.0166666666666667 6 4069 4565 4410 4616 4305 4032
-815.695545088946 0.616939989419658 3.40595872850642 -4.2953931659134 -3.28847379458043 6.38060633861646 4.55271126953405 1.78195987861534 0.000307757641009287 0.0732308796758278 0.0146767899042375 0.0129914207424996 0.574208759978928 0.257117633789201 0.75774865579439 0.0166666666666667 6 4069 4565 4410 4616 4305 4032
-798.938283990654 0.408847954441781 2.86690890528599 -2.82413109677521 -0.794771569386251 6.12824658193903 4.20257105669477 2.03541991997833 2.21763124657623e-05 0.859195120600083 0.0222168512803921 0.00359824551856047 0.524062911095408 0.288514820991649 0.000105437247998657 0.0166666666666667 6 4069 4565 4410 4616 4305 4032
-804.858821290482 0.234889034237724 3.71009536760514 -3.21299822046786 -4.6957617255997 7.76511436286181 4.70889297561416 2.90230417068055 0.00421507210802808 0.0120473141548767 0.00182249351800103 0.0640031143703904 0.424983756340969 0.0941371595247782 0.974617332327582 0.0166666666666667 6 4069 4565 4410 4616 4305 4032
-1015.13197137588 3.73500921142552 3.04728065419531 0.280401152191719 1.15073797414373 6.4020515446504 5.01135631183053 2.75682362396004 0.0027082224881927 0.0120366374311269 0.000842706715948454 0.0458840444412895 0.482357664708974 0.12750383810906 0.00200110248981222 0.0166666666666667 6 4069 4565 4410 4616 4305 4032
-797.107310561251 0.442043356332281 2.62504618170709 0.64688570199229 -0.845786624312372 6.64887409565721 4.39345226528499 2.54530933175207 0.00132173038645904 0.0182391747645158 0.00128490305521585 0.0318704665976418 0.479744675939169 0.203024709443674 0.00311680956335327 0.0166666666666667 6 4069 4565 4410 4616 4305 4032
-805.033363452621 0.325572657270408 3.15451938588496 -1.064615085125 0.160042059475113 6.75865476017064 4.69613305540805 2.85824759540618 0.00224059049733557 0.0152695151112821 0.00210474432456438 0.0390471087622735 0.533173764934243 0.115142733823515 0.107206625882836 0.0166666666666667 6 4069 4565 4410 4616 4305 4032
-945.078801296318 3.77111038029856 4.16648130993462 -4.264472325381 1.00626173526672 6.37292416209359 5.36632724964801 2.46449607463879 0.00367476577878763 0.0120089846546957 0.00130204832639711 0.0497013912710762 0.493859859188516 0.0966789576426696 0.0348455999735282 0.0166666666666667 6 4069 4565 4410 4616 4305 4032
-795.252016368137 0.26027238837592 4.00208335911932 -4.71367897903642 1.8298764982899 6.07436691960394 5.11977512868418 2.34442228983411 0.00242800657012816 0.0135349506780743 0.00161968734275815 0.0439912963085328 0.441499323529902 0.130184003725941 0.00312616908220098 0.0166666666666667 6 4069 4565 4410 4616 4305 4032
-796.845700784609 0.320094384199467 2.83788047227089 1.1697464429429 -0.338673749996377 7.02307080518006 4.65212441976245 2.94727879182003 0.00246433044030407 0.0126608913467683 0.00030448249183341 0.0451936469032079 0.459602089058794 0.129084531754112 0.00545986524116242 0.0166666666666667 6 4069 4565 4410 4616 4305 4032
-799.170536303693 0.314060734427843 3.10144252074071 -1.24609869439744 -2.27790149331343 7.2326507491431 4.64073773859475 2.83877965286825 0.00298118211652634 0.0130375231881199 0.00134699626757805 0.0499026531305542 0.436502701507524 0.131019368534751 0.0326001881051055 0.0166666666666667 6 4069 4565 4410 4616 4305 4032
-797.452723966181 0.303247393989717 3.04351842740333 1.91689327822849 -0.0117705158020824 7.02361895679231 4.96149225591089 3.08406560763591 0.00317288707186955 0.0118519430437854 0.00122994216217835 0.0516979533165141 0.491417750840526 0.0909382051015199 0.00716717350608708 0.0166666666666667 6 4069 4565 4410 4616 4305 4032
-1028.24883203638 4.24777568020973 1.39292940228726 0.273173420863755 -9.89960655701074 7.66941268961485 2.6543942615337 2.41660008781701 1.71592328823483e-05 0.995613820658132 0.38624567910422 0.00465916092798542 0.00274099806226979 0.493467617370462 0.297826614483341 0.0166666666666667 6 4069 4565 4410 4616 4305 4032
-801.910173439911 0.461361193402799 2.77779078669087 -0.00785658422440543 -4.69534209024708 7.83607088772114 4.32965386867079 3.1485182920862 0.00328430600134884 0.0127713131870353 0.00186739266353463 0.0555937508332775 0.425638110324973 0.11671798903258 0.173117707339659 0.0166666666666667 6 4069 4565 4410 4616 4305 4032
-795.887014180948 0.242074671489347 4.07529635220385 -4.21402143527568 1.19625891900076 6.31451926042077 5.26599854241915 2.44623218420851 0.00305863655064241 0.0122449916773405 0.00102150922025941 0.0489057310214571 0.4770129472076 0.110841885969534 0.00550241080752233 0.0166666666666667 6 4069 4565 4410 4616 4305 4032
-817.677728508967 0.277837827281312 1.88979382610041 -0.402196094243493 -4.29470136344519 6.30606653208654 3.28531033128314 1.8734273839296 1.61209002559394e-05 0.994067170336112 0.35900453228704 0.00454722019290968 0.000419701981004977 0.531457668259168 0.000316722145344472 0.0166666666666667 6 4069 4565 4410 4616 4305 4032
-819.86726309926 2.30995762785467 3.03841544868645 -2.63292161707523 1.48997157079267 5.79328567485747 4.55390347666582 2.41506637799963 2.627999216822e-05 0.895085170020015 0.19639363132598 0.000636719699504458 0.719357714616216 0.179135497273552 0.0281879615562482 0.0166666666666667 6 4069 4565 4410 4616 4305 4032
-807.690840053573 0.210235520887327 1.87544477591208 -2.27557057236101 -3.90734453598965 7.0812104991678 3.95923637684774 2.96646660320641 0.000448625593295756 0.0679812581409413 0.0132963058010889 0.0170027772941072 0.459218883203277 0.188856980845583 0.0272302325530964 0.0166666666666667 6 4069 4565 4410 4616 4305 4032
-802.714078287185 0.580123996628642 3.535739214132 -3.15896955444642 -5.80857738194317 7.66568040460835 4.65570380618556 2.78755038677978 0.00389190000812927 0.0123238735849789 0.000843253682588885 0.0606775460861721 0.456802823649726 0.114305363835165 0.447191961140928 0.0166666666666667 6 4069 4565 4410 4616 4305 4032
-799.011070602839 0.371537825522678 2.99886670138586 -1.22776455995079 -2.27056441677773 6.96601898995038 4.39693697532938 2.55572990025135 0.00174016581986187 0.0178239053565878 0.00191024337906447 0.0371223832018092 0.467050896188939 0.170538203810963 0.0162825544077318 0.0166666666666667 6 4069 4565 4410 4616 4305 4032
-795.85229267148 0.357841349954955 3.73376933930686 -3.09315793033783 0.667260175256627 6.31485950040747 5.04734195188722 2.43764623424321 0.00265132136291656 0.0126994156649885 0.00175870499252983 0.0449323122276779 0.45636458635734 0.139225273628957 0.00361827518366718 0.0166666666666667 6 4069 4565 4410 4616 4305 4032
-805.171459127803 0.360978986334813 3.61712059778258 -4.0202667741633 -4.36819515097805 7.61550674880196 4.68262159204333 2.71987404348939 0.00320130360255037 0.0125352469473745 0.000838135633558696 0.0522869113511936 0.467859906689185 0.127914012800772 0.808092236041602 0.0166666666666667 6 4069 4565 4410 4616 4305 4032
-809.89950906755 0.250054675623287 3.08300500401767 -3.47754356075082 -3.92521191110348 6.90343371411423 4.35403897917371 2.22296675811165 0.000210173100864366 0.126282273304174 0.0215761218039873 0.0116416635513973 0.547800859533143 0.205450713301403 0.1204613418178 0.0166666666666667 6 4069 4565 4410 4616 4305 4032
-801.419038358828 0.459053957759564 3.53512153429711 -1.39404253804764 -3.01669420583845 7.25147368518806 4.84625792933114 2.83139412533175 0.00331014109168183 0.0119940654344398 0.000905898300080713 0.0564063164680334 0.447110413473389 0.113387406135589 0.116691966704054 0.0166666666666667 6 4069 4565 4410 4616 4305 4032
-975.186319518811 0.368277689938308 -3.89688139868711 0.758022461209463 -1.92233217662817 0.491013294056322 3.88333166636354 -0.183642294491587 0.00643867061038107 0.0784186586320714 0.0138754820961073 0.0645915478683206 1.25171622665509 0.00835826692881044 0.998786037936589 0.0166666666666667 6 4069 4565 4410 4616 4305 4032
-805.260027598589 0.548633159503605 2.55123042186881 -0.78618731454961 -4.69654814342524 6.85938596541132 4.07514692998407 2.23364243090981 2.25478147799914e-05 0.982386301980679 0.134879553976572 0.00398173956735175 0.492619911440547 0.252738214140289 0.00291265884394387 0.0166666666666667 6 4069 4565 4410 4616 4305 4032
-798.450454307525 0.299314010564519 3.58199609503599 -2.2165346181536 -1.67026803756034 6.78231341554329 4.77863349668923 2.55258166444424 0.00250814796477912 0.0139159166433295 0.00156042288479155 0.0462592302271238 0.45207039664814 0.140292625748014 0.0232864030558614 0.0166666666666667 6 4069 4565 4410 4616 4305 4032
-816.750166966393 0.883887402147346 2.62412077714872 -1.93138193435129 -6.14730329765899 7.22401646277989 3.83838701281104 2.26100563889486 2.46295390087103e-05 0.961683276714015 0.0788954199757795 0.00426865129693254 0.611615753226735 0.252369761303037 0.180056317395117 0.0166666666666667 6 4069 4565 4410 4616 4305 4032
-807.149194339087 0.615020103306363 3.11379121591953 1.0289609205968 -3.55884052951562 7.64432081849133 4.72912138074102 3.0516957657642 0.00370002938382751 0.0120330193426951 0.000499259772219695 0.0568413350226906 0.494062063561187 0.0968830975412462 0.742910656479257 0.0166666666666667 6 4069 4565 4410 4616 4305 4032
-815.066977071779 0.822527310782196 2.73779677032348 -2.32678225746008 -3.94442697961089 6.56375308691199 4.16336475665295 2.1968467687262 0.00049661333912683 0.0490328261817137 0.0113846793310607 0.0176246860087156 0.523858647334762 0.265881482115988 0.982797687597786 0.0166666666666667 6 4069 4565 4410 4616 4305 4032
-803.725664031942 0.2275931930396 2.82358473922372 -1.79814081113994 -2.04283025230969 6.44939488686327 4.37488154558589 2.12794212358131 8.71113827379075e-05 0.27467770927269 0.0328179241308261 0.00691982936620742 0.536154478627425 0.226525917143343 0.00370778693844245 0.0166666666666667 6 4069 4565 4410 4616 4305 4032
-811.852440511253 1.0043965226764 4.07048938148837 -4.11886578899211 -0.146053572550359 6.60013024181609 5.43938792108517 2.49719919489701 0.00403022992830341 0.0131047756577586 0.00231377846571533 0.0586062226344328 0.520190466329516 0.079145184398079 0.937574996395253 0.0166666666666667 6 4069 4565 4410 4616 4305 4032
-933.663234025866 4.45315523698872 2.68332226282548 -1.82039382073491 -1.8216788755056 6.37504110643688 4.27130272883601 2.34819265824979 0.000637830447098789 0.0374064215847943 0.00493333992755788 0.0217772923802789 0.446928613709242 0.238781947853644 0.00652631278924675 0.0166666666666667 6 4069 4565 4410 4616 4305 4032
-795.232811585486 0.254854853747217 3.63898617050841 -1.32870765029079 1.01256026473059 6.39966938480635 5.03109649555677 2.64263101896521 0.00271229355044696 0.0126151835020451 0.00131029315148594 0.0492146885716934 0.443747245038544 0.115721188699436 0.00299898657156218 0.0166666666666667 6 4069 4565 4410 4616 4305 4032
-810.858856216156 0.327977796525202 2.41044923571051 0.987361059584599 -3.83420364559752 7.3660692691207 3.78361139179538 2.88485842784627 0.00232311891356875 0.0134816570777032 0.00466769632758469 0.0552935207544024 0.00307806685798679 0.207346155354302 0.00381056317883743 0.0166666666666667 6 4069 4565 4410 4616 4305 4032
-815.515531919916 1.1117733445944 2.42861838579768 -2.13533525335282 -4.44218060356736 6.83217228984712 4.1327088908955 2.66915125082008 0.00015078358893907 0.180082033925216 0.0320052455565525 0.00831525151584378 0.57422678653553 0.201238733651044 0.382757802049344 0.0166666666666667 6 4069 4565 4410 4616 4305 4032
-1024.19325890891 4.47212828146106 2.90490044881703 0.755076148192325 -2.30936011441666 7.12025338832269 4.59096013293408 2.85538999104623 0.0030982265338209 0.0128063220738186 0.00129363888672727 0.0549469354143315 0.405260316249381 0.130690710349191 0.0141580805164917 0.0166666666666667 6 4069 4565 4410 4616 4305 4032
-798.276708891505 0.324185875802883 3.19296501013723 -0.736432831967379 -0.760448203352485 7.03511890068527 4.91316577608541 2.80612331021967 0.00315038548515959 0.012272901804164 0.000432376966294182 0.0545044711998095 0.459481634719026 0.108371667948247 0.0170743335640336 0.0166666666666667 6 4069 4565 4410 4616 4305 4032
-991.055663733662 3.70280815006179 4.00108511553764 -5.75874503842364 -3.80439617211771 7.482034805053 4.88008904919616 2.76830190042895 0.00398363746480963 0.0127786757238442 0.00101276741278297 0.0580865652412927 0.446948522978683 0.0908023113223619 0.331009137752567 0.0166666666666667 6 4069 4565 4410 4616 4305 4032
-909.107642478841 2.73402348122954 2.5144597046702 -1.17344101374996 -4.43190479157019 6.7962358844256 3.9366417930006 2.16140021370626 2.32050642556474e-05 0.914258204966815 0.0531035617056837 0.00390223842648122 0.500506529732858 0.303756194956821 0.000886459751916693 0.0166666666666667 6 4069 4565 4410 4616 4305 4032
-810.843371090061 1.36033835564846 2.7126170373954 0.901764106001282 1.80924519669402 6.15360225087493 4.83335625441299 2.53377045273932 0.00103853389944141 0.0203807767659537 0.00261756009988698 0.0225782755082619 0.68122473013361 0.169255063922824 0.114303279585312 0.0166666666666667 6 4069 4565 4410 4616 4305 4032
-801.36888591192 0.553524625840793 3.24533516510919 -2.41144328216123 -3.851954822672 6.96015057014295 4.5415244692045 2.31156234203625 0.00180499968442299 0.0164504237506427 0.00111815937286492 0.0384319000660775 0.465610755193164 0.201576737340706 0.0460860101274589 0.0166666666666667 6 4069 4565 4410 4616 4305 4032
-800.217662251194 0.381477026281871 2.88367329616631 -0.263293205097821 -3.50297901729228 7.3395820937561 4.4424833624095 2.78124924322719 0.00236324756116697 0.0138236735131839 0.00131958658407402 0.0465271486627756 0.428182991456652 0.148295236527522 0.0380636150482732 0.0166666666666667 6 4069 4565 4410 4616 4305 4032
-798.331559335372 0.354326307079893 2.85776390440217 0.277405804695483 -1.42173056813168 7.05387135577329 4.69147460663786 2.9686084731103 0.00284816497125439 0.0132223189021853 0.000609573105683552 0.0508326261361692 0.461090720032032 0.122354031053596 0.0167531193883201 0.0166666666666667 6 4069 4565 4410 4616 4305 4032
-1029.81978762486 4.28504224303561 3.17229124423692 0.217084475830806 -4.50485810425319 7.86479891615326 4.64985910152277 3.12798307735669 0.00427518342985565 0.0118724843586429 0.00133076370610889 0.0621930928455212 0.48875610153989 0.0871179513183959 0.945832602528639 0.0166666666666667 6 4069 4565 4410 4616 4305 4032
-811.708687930885 2.88686230173766 2.79345126113515 0.508817067916394 -0.639418928688263 6.67889032647942 4.93114841150257 2.84614502655436 0.00260730077504766 0.0143993001758931 0.00223619832747744 0.0428534505204676 0.553386558850152 0.118409846013679 0.688351378137927 0.0166666666666667 6 4069 4565 4410 4616 4305 4032
-797.259596737981 0.322069422760531 2.77138563192308 0.234338939074649 -0.990802461900414 6.63009041656159 4.35325515272606 2.50472060365604 0.00148047437255747 0.0169255062904673 0.00264781184875088 0.0358227730616115 0.434902108568292 0.204664798387817 0.00309717659527139 0.0166666666666667 6 4069 4565 4410 4616 4305 4032
-795.961667603485 0.270625314938447 3.49744814603502 -1.38128379285981 0.0757977768971048 6.79404568252878 4.79922814609794 2.64917028059959 0.00268051191292961 0.0127718850813063 0.00166204126746636 0.0471069355108215 0.431704744942952 0.132659059796672 0.0046532783095391 0.0166666666666667 6 4069 4565 4410 4616 4305 4032
-795.607598945978 0.242398832550058 3.83013239392544 -2.90231096814955 1.38600301511039 6.39140946870609 4.98359070105045 2.44765135485969 0.00252449820360195 0.01305176421914 0.00168788568513054 0.0457165813325061 0.42889439057359 0.129406392067034 0.00437995270651995 0.0166666666666667 6 4069 4565 4410 4616 4305 4032
-805.780943636333 0.444678583006381 3.1393272498608 -0.590045158568451 -2.90698720149073 7.81496005786199 4.6653151496325 3.27932017577028 0.00401868125502714 0.011865929996695 0.000642640399213818 0.0557780652926723 0.518484132106409 0.0856984256836537 0.427147345632218 0.0166666666666667 6 4069 4565 4410 4616 4305 4032
-809.374991576351 0.415988676920308 3.01600534967654 -2.32470973276555 -5.17568293256537 7.45701890146343 4.09480117384757 2.62697809356641 0.00116111881734016 0.0251254247758362 0.00458171856280776 0.0290323537024083 0.499265550414221 0.185145829928886 0.966738127258145 0.0166666666666667 6 4069 4565 4410 4616 4305 4032
-799.24809585409 0.434574776140314 2.95672544848654 -2.51755331181315 -2.05377892434783 6.65470820582372 4.28794900531989 2.4178429850052 0.00123905372593 0.0226029224114413 0.00161814522613534 0.029909658933056 0.467262207351593 0.203934001819151 0.00531949785418011 0.0166666666666667 6 4069 4565 4410 4616 4305 4032
-797.979332354717 0.298463011356685 3.48950484015447 -3.38846822903089 -1.21535342452406 6.82936455438458 4.71269648389664 2.55145449513112 0.00265695892169668 0.0142333700930699 0.00169334654508594 0.0463038175456922 0.425560949094037 0.134783257661273 0.0164786027191998 0.0166666666666667 6 4069 4565 4410 4616 4305 4032
-799.780720999761 0.329067250866123 3.23002599850106 -1.72439863336275 -2.41142367929885 7.15614178548322 4.67826780204112 2.76426267557269 0.00294900700916765 0.0130195835291499 0.00141253674862105 0.0524168396841351 0.460266628386106 0.129645236961426 0.0544258421746426 0.0166666666666667 6 4069 4565 4410 4616 4305 4032
-826.254407456115 1.75420461591952 4.70992458465559 -3.10871058013698 3.40320544717982 6.02491972380592 5.90055941797723 2.27322931788491 0.0035298796682491 0.0133226786537468 0.00364868204022578 0.0515544321626067 0.56183858152042 0.0427341877995544 0.821736222987023 0.0166666666666667 6 4069 4565 4410 4616 4305 4032
-824.709886852592 4.23249027480159 2.15639851012902 1.37882860377338 0.0489796474821507 6.63305963224006 3.8600074036808 2.56664204204357 0.000172310263631526 0.0853723206103782 0.0241830043473392 0.0078078573895925 0.649312318488702 0.258984441834175 0.950759263209594 0.0166666666666667 6 4069 4565 4410 4616 4305 4032
-811.153608392836 0.401918959923149 2.46095774344367 -3.18744205249726 -2.4444774027236 5.67058675639859 3.42776334489614 1.20634158830471 0.000596241172592082 0.0142663947480912 0.00180696498260246 0.0261315449338807 0.448887678573738 0.962247184364157 0.0241029681978062 0.0166666666666667 6 4069 4565 4410 4616 4305 4032
-800.242570211244 0.389714323926437 3.49446763717484 -0.979904875634731 -3.01339533236542 7.24659862205455 4.70784008317135 2.64905602940853 0.00289708442307801 0.0133987445538331 0.00214870973202014 0.0506072817532421 0.413604170563183 0.115794310064261 0.0453597886129191 0.0166666666666667 6 4069 4565 4410 4616 4305 4032
-802.76962372396 0.332153025720225 3.54390763871063 -4.10028322584622 -3.1958263722617 6.93069896376607 4.48698051396479 2.19499941342875 0.00167322413663507 0.018864434135318 0.00244236641306479 0.0359021906488711 0.469123596081641 0.180823401233188 0.124356597589296 0.0166666666666667 6 4069 4565 4410 4616 4305 4032
-796.642968538252 0.351219077523967 2.7719393289402 -0.102691243732467 0.48761515357239 5.89440176304101 4.43145522138223 2.00394974963039 0.000421832308344467 0.039879083818878 0.00329550566219317 0.017169054834431 0.498174530229855 0.278930431391016 0.000245007164595546 0.0166666666666667 6 4069 4565 4410 4616 4305 4032
-796.643369642038 0.228924218803572 3.29238898391562 -1.94574822805058 -0.658882725361623 6.68227479824794 4.70918013199973 2.6023650737035 0.00230177682957013 0.0144180966812914 0.00192787793244612 0.0438343620346446 0.439540170804968 0.144994415603696 0.00503016357048302 0.0166666666666667 6 4069 4565 4410 4616 4305 4032
-800.015664006224 0.336850382122928 3.22249260614677 1.19146037304243 -1.80894399126525 7.28974893315254 4.71711986044501 2.94363066458765 0.00335422582124816 0.0120955479942951 0.00066591349808728 0.0561829465884451 0.460205673706862 0.106597226477294 0.0391151806745662 0.0166666666666667 6 4069 4565 4410 4616 4305 4032
-801.308999044197 0.348454800162176 3.01491004669068 -1.41934215238332 -3.12798731855342 7.03358446009246 4.38625683395707 2.60947871480692 0.00212714558043431 0.0153537268818846 0.00274943944465728 0.0404476801089482 0.419432887289499 0.169096053373663 0.0701037387059359 0.0166666666666667 6 4069 4565 4410 4616 4305 4032
-798.10288745941 0.272076276332088 3.49526818759318 -1.69507266220757 -1.17282513155828 7.22156129923298 4.72495013204172 2.85260387636412 0.00323157858582991 0.0127978389837938 0.000163458158931748 0.0519839072853232 0.457243865926856 0.107763074935675 0.016052691043143 0.0166666666666667 6 4069 4565 4410 4616 4305 4032
-795.784313307772 0.332213353833468 3.60505676991891 -2.84695950813092 0.464432565009669 6.46076505112868 4.81881410373632 2.47616345018827 0.00238415054532185 0.0143163397604775 0.00141933812897747 0.0450724401544182 0.434656881957606 0.145426098004002 0.00426970239485462 0.0166666666666667 6 4069 4565 4410 4616 4305 4032
-993.603162487522 0.23801733854969 1.31904397968369 -0.850640461381141 -3.35860330255706 -3.26883803193791 0.284625875176102 0.127729218912082 0.00579375735297501 0.127103643498366 0.0535455579473396 0.118691268348821 0.0164659876817879 0.00590153499787481 0.597791498904823 0.0166666666666667 6 4069 4565 4410 4616 4305 4032
-799.807983822182 0.326041302968592 3.19431763945759 -2.12421780512383 -1.00315345037494 6.45888379385795 4.52263664554429 2.25424188417189 0.00128644659103002 0.0199721536486842 0.00235266768289057 0.0292420468498252 0.487507307109616 0.204057710771875 0.0180348308112977 0.0166666666666667 6 4069 4565 4410 4616 4305 4032
-803.840739409812 0.322009388656579 3.46956132959775 -1.89175477844932 -4.60583678401396 7.68628140716947 4.6832506357837 3.00839748391648 0.00395882542706181 0.012335161553267 0.00130862825823044 0.0594219509583953 0.468548060289735 0.100283068364348 0.588978334413212 0.0166666666666667 6 4069 4565 4410 4616 4305 4032
-827.586356289542 0.93292179744896 2.02981342611396 0.451113095663383 -3.31356175586186 6.92256084230585 4.06478253389663 2.67040108509026 3.89039457679045e-05 0.666155447985925 0.176895386817618 0.00411029381850981 0.627840936786188 0.179545800442921 0.99716305377337 0.0166666666666667 6 4069 4565 4410 4616 4305 4032
-800.362411900858 0.300142704111516 3.38086125070367 -0.850518666053601 -3.59794146539846 7.54192533116473 4.7918683259347 2.84222961279743 0.00400576451511988 0.0118314746259755 0.000485002838833215 0.0594116419404275 0.468476055449984 0.103611351014745 0.0598118898375761 0.0166666666666667 6 4069 4565 4410 4616 4305 4032
-794.92943851915 0.312497138766176 3.26924311081128 -0.105901718534553 1.45102077162264 6.30276009562645 4.89373161532897 2.60233053995623 0.00225659687538949 0.0123999028421506 0.000606393423367075 0.0465816829264501 0.46096332282779 0.147339337326315 0.00110477129833593 0.0166666666666667 6 4069 4565 4410 4616 4305 4032
-794.56142532568 0.326039034745607 3.15397371489082 0.133628945506965 1.71395498159022 6.28704995574639 4.99252041424289 2.6988217284241 0.00245629384299083 0.0125143088969217 0.00141541956467547 0.0434767751043065 0.462623550170655 0.127886832350008 0.000787488256364679 0.0166666666666667 6 4069 4565 4410 4616 4305 4032
-794.691862149974 0.226114120638256 3.56951700306296 -1.4514213393637 1.42815759211183 6.28372040053474 5.01774667254688 2.43510922225198 0.00245881659079889 0.0128661270024084 0.00125630969676063 0.0450397347642108 0.470718556256507 0.139012399743812 0.000891293666674528 0.0166666666666667 6 4069 4565 4410 4616 4305 4032
-795.10569051227 0.374875330653394 3.5441358675192 -1.59294197495286 1.48074968114377 6.46716785465061 4.96631254264603 2.72792514311188 0.00256263745125449 0.0128947771986217 0.00090443473300412 0.0459162339914432 0.452521650135741 0.113743115937388 0.00264006614335585 0.0166666666666667 6 4069 4565 4410 4616 4305 4032
-795.432461717358 0.285309942508991 3.55184690153817 -2.19189658981287 1.36143797593081 5.89302256702202 4.9302951938991 2.14529864418282 0.00165555403331266 0.0154239308851977 0.00135026636595091 0.0353712669262919 0.469729197270079 0.187198896246874 0.000402639654506676 0.0166666666666667 6 4069 4565 4410 4616 4305 4032
-794.820091691754 0.421558633940434 3.27243469782488 -0.173164887744195 1.21656862393034 6.3234728877517 4.85992478764642 2.58519480600876 0.00211338560740774 0.0129244530127763 0.000197387016643763 0.0409092097413981 0.479948268313959 0.153874612302365 0.00109924982452345 0.0166666666666667 6 4069 4565 4410 4616 4305 4032
-794.671751663948 0.245849594304905 3.11376136782677 1.19691705696724 1.71601186176142 6.25940390807149 4.93601751368119 2.67845018007688 0.00225858993743641 0.0123806691423236 0.00172464328855169 0.0427757507740532 0.459047901629368 0.142157223704609 0.000801176445528717 0.0166666666666667 6 4069 4565 4410 4616 4305 4032
-795.697394228105 0.44147157914734 2.98266570072026 -0.132791082085467 0.795069463314375 6.46694163352204 4.65904820398493 2.64704989477064 0.00181446783714602 0.0150171612887019 8.54130129875164e-05 0.0372316936124812 0.492970467252928 0.153660309689488 0.00265398181089032 0.0166666666666667 6 4069 4565 4410 4616 4305 4032
-794.967570324244 0.252692886452581 3.43323353898853 -0.297248768914292 1.96568068559272 6.1340359616981 5.05410661364786 2.38246028590648 0.00206644512825409 0.0133513287261571 0.000226409457249415 0.0422984762033247 0.479210618866682 0.142926681646178 0.000439932760645547 0.0166666666666667 6 4069 4565 4410 4616 4305 4032
-795.170593561135 0.391015002182102 3.4449841889948 -0.536483145028887 1.10844941978223 6.51561665552124 4.89855767135334 2.60614181785554 0.00221315103200974 0.0129109068976756 0.000712766191056755 0.0436596631670235 0.477560895884208 0.137300692299421 0.00189156974746467 0.0166666666666667 6 4069 4565 4410 4616 4305 4032
-794.932345763765 0.290137344173126 3.42741859663841 -1.26465212367772 1.57261959470792 6.10904425392968 5.04877026448549 2.42007465616326 0.00239255623905804 0.0137813044959306 0.000626980343886661 0.0434224429528516 0.488107934155246 0.136017393380834 0.00104029920362714 0.0166666666666667 6 4069 4565 4410 4616 4305 4032
-794.90255315259 0.284842792813875 3.5555491512635 -2.55179681158705 1.55616712242131 6.09202250710208 5.00745400693498 2.37216811342345 0.00223549678962544 0.0132506567953435 0.00170243662694488 0.0427138503299564 0.443609066642231 0.154115934335391 0.00124963498752673 0.0166666666666667 6 4069 4565 4410 4616 4305 4032
-797.305263281408 0.404600146640773 2.37482215858121 0.865577403801963 -0.708370642859233 6.51475844577915 4.33506065200737 2.63851017491565 0.00114938058253294 0.0204958558104193 0.000234006694769778 0.0277287522573534 0.500686685243941 0.214186392866013 0.00103995546272607 0.0166666666666667 6 4069 4565 4410 4616 4305 4032
-794.694915446649 0.340302279628693 3.38836101057485 -0.407489503537406 1.36034110687176 6.47760534754476 5.01119602771096 2.703195496008 0.00286639918051567 0.0123530825920344 0.00147022744922561 0.0486309777941985 0.434557521746156 0.115645447819416 0.00128586421894632 0.0166666666666667 6 4069 4565 4410 4616 4305 4032
-794.980014392446 0.288896715044638 3.36831257461612 -0.396893646515633 2.19947489663752 6.18909050377213 5.1441633270021 2.60234746186097 0.00239826110382834 0.0125071540475411 0.000532252744679687 0.0442745193277573 0.473875318873762 0.128573939694925 0.000493214916891624 0.0166666666666667 6 4069 4565 4410 4616 4305 4032
-1010.80493924846 4.00190074615962 2.54071406808003 1.75057909177841 1.59657201590601 6.27244086972396 4.71322784566982 2.72285364921417 0.00159531012008412 0.0143865548346732 0.00162259149040023 0.0336279423835758 0.48368118391403 0.165318263936612 0.000475757670939663 0.0166666666666667 6 4069 4565 4410 4616 4305 4032
-795.095934996803 0.379645646092227 3.9083226176583 -2.76744076792245 2.19060992044994 5.93634227179617 5.24305288665466 2.31824057659365 0.00266983627364151 0.0129367468119096 0.0010008283582511 0.0461233724258851 0.486437161067607 0.130369894337899 0.00120304154148852 0.0166666666666667 6 4069 4565 4410 4616 4305 4032
-794.991576345817 0.244448527580909 2.6262737464627 1.83797785951129 1.22915039473055 6.40972902604195 4.62876124990486 2.77751288680317 0.00165796058561584 0.0138332341392865 0.00108876197298344 0.0339236590685984 0.49646323777445 0.165636213948946 0.000787484780301593 0.0166666666666667 6 4069 4565 4410 4616 4305 4032
-972.526138406668 4.46879771809466 3.33004688648244 -0.558232628835789 1.73493631281227 6.11340737209582 4.89297416466123 2.52579006568843 0.00205743546892081 0.0130621369463617 0.00117009928504979 0.0404506733578786 0.463151953633314 0.160008693447889 0.000420300502972034 0.0166666666666667 6 4069 4565 4410 4616 4305 4032
-795.586166951315 0.280225499263248 2.7130797329056 2.03187746126741 1.59520527139504 6.49354182580078 4.70993093349665 2.89087006576857 0.00216065304284511 0.012244005033631 1.78419751656855e-05 0.0382351477487177 0.495811192047899 0.14580129221291 0.000482030104749003 0.0166666666666667 6 4069 4565 4410 4616 4305 4032
-794.894536943389 0.284567368703796 3.38519606846558 0.204514896940629 1.4359118144564 6.52103747194468 4.96433611518629 2.74510496711583 0.00274219519771774 0.0120242379854534 0.000153441006821092 0.0461483447038947 0.467869854829826 0.115402199651305 0.00099734575228463 0.0166666666666667 6 4069 4565 4410 4616 4305 4032
-794.94215743401 0.2915434937068 3.34081995271425 -1.45750767997455 1.54045300234121 6.12765841627879 4.85004808171813 2.47290527641495 0.00178514084126574 0.0148927943491805 0.000434302104021357 0.0374622429571053 0.473120040650812 0.163909879103769 0.000663505429577977 0.0166666666666667 6 4069 4565 4410 4616 4305 4032
-794.941967858273 0.215383197556941 3.09880802937296 -0.2553363480529 1.46910291845717 6.15752536814512 4.76569897676469 2.52527246755575 0.00170458395846471 0.0151002213516994 0.00220478213862288 0.0377559856522318 0.444471215435512 0.166036522524322 0.00107364009123794 0.0166666666666667 6 4069 4565 4410 4616 4305 4032
-795.380738785553 0.358763331920383 2.89610610997854 0.368531400656949 0.89413782033305 6.61179484816706 4.68553428841889 2.78029936482548 0.00240964972699638 0.0130598732631154 0.00113322751206946 0.0428536360227786 0.482994451230909 0.145937082972241 0.00112884262009259 0.0166666666666667 6 4069 4565 4410 4616 4305 4032
-794.845267463295 0.274532430167454 2.98901725570483 1.44048708187964 1.7499940503342 6.33091243870626 5.00926951582265 2.69649584552283 0.00219372267358442 0.0129850282951282 0.00156599841353172 0.0420758401797609 0.449656222267922 0.123671706095267 0.000694449843260711 0.0166666666666667 6 4069 4565 4410 4616 4305 4032
-794.377786862259 0.244539751426502 3.23885847027411 0.0161293200061053 1.60165136825701 6.30177628325257 5.01616167760398 2.66224649294269 0.00250485992701175 0.0124384771645492 0.0010553681003828 0.0442548025265034 0.461687742270177 0.128260976597098 0.000986754323053226 0.0166666666666667 6 4069 4565 4410 4616 4305 4032
-1023.01343968732 4.46571813338765 2.95709614711445 0.729559149651968 1.95365222275127 6.2641303264002 4.98305598342739 2.83929869361148 0.00251729594370534 0.0120461003897063 0.00174197521381976 0.0454415951719822 0.448430180627892 0.12740831087361 0.000978926655397277 0.0166666666666667 6 4069 4565 4410 4616 4305 4032
-794.716166799332 0.248685287996368 3.47859866445324 -0.705446286687543 2.02729668825072 6.15794730656857 5.06051331020168 2.5622412895869 0.00240169820003891 0.0127156238518832 0.00103578709722095 0.0449405942399772 0.451182768223272 0.129189348014628 0.00131312650931219 0.0166666666666667 6 4069 4565 4410 4616 4305 4032
-795.010828173671 0.29967824831904 3.55418946653393 -0.195883996488222 1.95853266558587 6.30021886182346 5.20750551912399 2.57929124542246 0.0026009315780531 0.012120430513547 5.23992760910132e-05 0.0456516340081225 0.49692501577516 0.115184118233157 0.00137646287653704 0.0166666666666667 6 4069 4565 4410 4616 4305 4032
-795.118524722175 0.389833940348809 3.10578577906204 -0.0944997411870005 0.911606031314729 6.2794856556444 4.80958599187347 2.45857770249946 0.00199058244083116 0.0137458889158663 0.000900187685994126 0.0413169641178166 0.443334589345448 0.171595466948645 0.00122196853721471 0.0166666666666667 6 4069 4565 4410 4616 4305 4032
-795.799457034842 0.337891880113939 3.39841032022759 -0.733467936088992 0.742453262120954 6.57588474179115 4.91485652987115 2.77262045471359 0.00310592906745581 0.0118503182057865 0.000557887247006623 0.0497453612953987 0.468569304833688 0.115866226705863 0.00433735431813254 0.0166666666666667 6 4069 4565 4410 4616 4305 4032
-795.126244491171 0.38291439152595 2.79316025728284 0.506129649869473 1.47370385636384 6.21760742968308 4.66828127854104 2.68727711519521 0.00157465573559374 0.0151075144360199 0.000336634360553759 0.0335267903120346 0.485196521273471 0.174970918064453 0.000743218613696451 0.0166666666666667 6 4069 4565 4410 4616 4305 4032
-795.194622180557 0.438579846593841 3.31680420830243 0.352762888468994 2.24334115150926 5.8347617471759 5.09887792753487 2.32574342305765 0.00185284499156894 0.0139980115973551 0.000630685441588843 0.0378405483690148 0.476586122450744 0.153262976716205 0.000442117430814569 0.0166666666666667 6 4069 4565 4410 4616 4305 4032
-794.577627276465 0.241015912678615 3.04940577747781 0.490619848939839 1.767441048051 6.29071433991483 4.93546519407597 2.77430140148912 0.00243206590001573 0.0123025491370668 0.00146069321047753 0.0453155796314042 0.442245880041206 0.130622789166711 0.00101616683257728 0.0166666666666667 6 4069 4565 4410 4616 4305 4032
-794.963301014003 0.262763055596317 3.41423285009503 -0.479745612461929 1.57679148636741 6.22733280891061 5.00517768140217 2.41320032330418 0.00204783472170606 0.0131113298928256 0.000204734527096923 0.0406377687938465 0.459050311434942 0.15172610372507 0.000913977047332565 0.0166666666666667 6 4069 4565 4410 4616 4305 4032
-794.657553183446 0.318107775370469 3.01132038650706 1.29285166801288 1.83624058689047 6.24564492117851 4.89712065155095 2.70214872092212 0.00208192116889801 0.0123528190104766 0.00146263955094943 0.0430699499798435 0.450726260716521 0.146827905622536 0.000436816446928848 0.0166666666666667 6 4069 4565 4410 4616 4305 4032
-794.683193504892 0.375553552146928 3.1100557584956 0.571953434180128 1.82306276251416 6.19765894303574 4.85646187793166 2.52316608770656 0.00185432005422805 0.013701572811675 0.000495111449269855 0.0371039833914297 0.492162930267732 0.15876067604714 0.000453458516969491 0.0166666666666667 6 4069 4565 4410 4616 4305 4032
-794.846164620916 0.324863611915104 3.37859238210835 -0.539145659641108 1.68309617693865 6.3531235450257 4.85406752228633 2.61862431742561 0.00228843419097866 0.0129660830233615 0.00093731045376099 0.0439960924011416 0.467568404587681 0.14240416918993 0.00073112465489066 0.0166666666666667 6 4069 4565 4410 4616 4305 4032
-794.884075283206 0.375477631104118 3.38112565549758 -0.483216300501477 1.62697916921553 6.22883810994867 4.91226231291211 2.60894181064868 0.00223648326696688 0.0130338806897239 0.000516676712318822 0.0430659397066058 0.478727126848559 0.14772769826931 0.00064131368877459 0.0166666666666667 6 4069 4565 4410 4616 4305 4032
-795.036216354115 0.245322270989913 3.35948403035057 0.0346804618531604 1.65576107677001 6.06538103429181 5.12218497224488 2.47304364173538 0.00230831965672924 0.0134850737772831 0.00140908974621145 0.0422332229714241 0.45893043889873 0.129302865059848 0.00149295223118335 0.0166666666666667 6 4069 4565 4410 4616 4305 4032
-802.620045174624 0.283214342980183 3.05890846931109 -0.0866466858062251 -5.33920468745599 7.71470791921267 4.53044427389286 2.83559361654373 0.00322519038858388 0.0132095972313125 0.00196895463696152 0.0554834918929192 0.415690974690328 0.117221581558993 0.29336765252796 0.0166666666666667 6 4069 4565 4410 4616 4305 4032
-799.232925332328 0.340603142923495 3.64986479262047 -4.14429187296517 -1.74285478683923 6.87063003635144 4.64915523635871 2.2810548441659 0.00186177222382718 0.0161900953624234 0.000855713090260603 0.0371762538470261 0.496669548966103 0.173095349833277 0.0183296107560785 0.0166666666666667 6 4069 4565 4410 4616 4305 4032
-800.763715070169 0.318772251038151 3.60942899150717 -4.76916463116007 -2.8852060117663 7.26737133080539 4.73602418549876 2.75478760193065 0.00333312481711511 0.0128877377877225 0.00145850064780671 0.0550076474085751 0.432895926344899 0.121235469054626 0.10293680886299 0.0166666666666667 6 4069 4565 4410 4616 4305 4032
-794.709457283182 0.280193237908289 3.18087563032558 0.653145998764581 1.62636678217137 6.33831335942594 5.01848350724074 2.64257146315024 0.00253884878243012 0.0123162608114075 0.00184363892425991 0.0449331471958617 0.440033665894498 0.130075002899236 0.000814268340208059 0.0166666666666667 6 4069 4565 4410 4616 4305 4032
-799.134846229032 0.443238712804764 3.28123353866066 -0.521498922481238 -2.34941979625805 7.27342601425744 4.59967530319061 2.83762171975906 0.00312144556565547 0.0122439389412552 0.00163401904490943 0.0556918803853034 0.398757715189831 0.126575710053674 0.0343448121375657 0.0166666666666667 6 4069 4565 4410 4616 4305 4032
-795.651114704783 0.333005295996985 3.08836026883294 -0.0681542415889377 0.349099222452114 6.56785666976089 4.79704537424601 2.72953090909685 0.00248902865453497 0.0131405087705217 0.00136931658462891 0.0465292236107478 0.446570973298925 0.137889153833992 0.00473349554293766 0.0166666666666667 6 4069 4565 4410 4616 4305 4032
-800.332506462156 0.373526138218463 2.89591386927345 -2.21408720284075 -2.96190202599089 6.90383259470103 4.37293847043831 2.48641691268411 0.00120181689918442 0.0226649450429022 0.00129545540976225 0.0288155284848335 0.482577712116099 0.200626855199639 0.0115589247439509 0.0166666666666667 6 4069 4565 4410 4616 4305 4032
-999.082891026095 3.91809717796421 3.70433811468459 -3.70213902188869 -3.98373118200518 7.70216970603526 4.65332311757028 2.86776345059289 0.00365823998038122 0.01250637918305 0.000740650763553073 0.058861472447022 0.482594537184815 0.105244857022321 0.952071222328952 0.0166666666666667 6 4069 4565 4410 4616 4305 4032
-824.488055345817 4.47213595499498 3.43347502965857 -1.7384725270597 2.06995194805908 5.59232705103926 4.89384108404558 1.65994129161004 2.3470479444132e-05 0.999170836217195 0.00113156110724501 0.00323758431978349 0.575976298379199 0.195128799624324 0.0105279453176991 0.0166666666666667 6 4069 4565 4410 4616 4305 4032
-807.750456768461 0.230216204587532 2.86856163029577 0.567333354436899 -0.306816186073391 6.85079304503353 4.25037526343783 2.82081774630847 0.00261599097437795 0.0122624994225991 0.00418850432596357 0.0605877352371078 0.0112503165479172 0.165166170154577 0.00305088888142278 0.0166666666666667 6 4069 4565 4410 4616 4305 4032
-801.547550793137 0.311214273727139 3.27765753461481 -2.27824676465405 -4.1336437600694 7.29480815994241 4.43237585110145 2.54673951688445 0.00247190819641875 0.014520529572214 0.00158303540578327 0.048497095898022 0.40540420122465 0.158141525157685 0.11311223513597 0.0166666666666667 6 4069 4565 4410 4616 4305 4032
-798.369673603411 0.307771131713347 3.18695281394113 -2.7131390401973 -0.488455576345513 6.02901818229727 4.50650193256752 2.07674335948486 0.000787185111347622 0.0301669711810158 0.00473918992372909 0.0230090253459239 0.452632645683747 0.233673282466205 0.00278140417651176 0.0166666666666667 6 4069 4565 4410 4616 4305 4032
-804.695961725502 0.289318122483144 2.50562039414094 2.09827672595822 -2.64276787228264 6.72368275186788 5.0129590940335 2.8715607311404 0.0032104291444308 0.0142222893880438 0.00284766224615067 0.0521161590493496 0.456621662121272 0.102671946481772 0.0382409661048389 0.0166666666666667 6 4069 4565 4410 4616 4305 4032
-815.682197744754 0.603800112794423 2.41594352276887 0.97028324109882 -3.99623865021689 7.32426366976831 3.87262465959208 2.69590715029138 0.000341534672511965 0.0734121258966596 0.0142510661780387 0.0134029236537003 0.607198369525748 0.195990102914385 0.455268296496819 0.0166666666666667 6 4069 4565 4410 4616 4305 4032
-993.45408657657 2.87493150312401 3.6682680601662 -2.05490419290091 0.916799298549478 6.5212700833018 5.04900877442361 2.64827940975176 0.0032568124582928 0.0121981926434186 0.00146180873787199 0.0511730661661074 0.44052876747663 0.110861989115646 0.00482110270880631 0.0166666666666667 6 4069 4565 4410 4616 4305 4032
-813.194827212982 1.34623076645771 3.07048861974615 -2.38445133043483 -1.37408743351599 6.50857152098405 4.13698479968668 2.4116928418766 0.000115397602913804 0.213920805345105 0.0286523677914103 0.00739366373721257 0.603748419897181 0.220798975559423 0.0608114699381536 0.0166666666666667 6 4069 4565 4410 4616 4305 4032
-989.734554401684 3.19155315991716 3.30679484968886 -0.0510022589626975 0.850759251328915 6.51578649864475 5.05244130082691 2.67548827987521 0.00287427037862957 0.0122945883664115 0.00182457278059658 0.0500438597608436 0.435992117535589 0.117756035018186 0.00487082541349432 0.0166666666666667 6 4069 4565 4410 4616 4305 4032
-805.56778470784 0.347074530267544 3.91685474431996 -4.6651980767323 -3.46276173735791 7.50177968325712 4.84933140533376 2.63356156530474 0.0037984910283569 0.0120594825102679 0.00128735147832664 0.0556325278960305 0.460247416865537 0.105507267537518 0.821992702782719 0.0166666666666667 6 4069 4565 4410 4616 4305 4032
-802.723361357983 0.509600915246159 3.78521446088971 -3.32527207299658 -4.31941314319092 7.46280716402971 4.81568784564686 2.76288664773065 0.0040256452741957 0.0121310928869342 0.00100101773952257 0.0610270646135122 0.437614245668098 0.0993558604771175 0.398181355236171 0.0166666666666667 6 4069 4565 4410 4616 4305 4032
-824.492005895741 1.62389629579217 3.02520855616749 -0.475980176949435 -2.6327073820333 6.76636997841608 4.44501977719969 2.2816472689096 0.000103159431539087 0.262004460300598 0.0668113876449175 0.0057504961681801 0.621156575537732 0.179368035268505 0.990753981207583 0.0166666666666667 6 4069 4565 4410 4616 4305 4032
-800.989799037868 0.302060892297872 2.63009606042705 -1.26845952039311 -3.23956539086663 6.95512012865456 4.02406260206567 2.30322854463426 0.000529711402346597 0.0430770320793366 0.00415576022017029 0.0192465662729524 0.491832770766304 0.256729260685438 0.00536720297829318 0.0166666666666667 6 4069 4565 4410 4616 4305 4032
-809.505706435517 0.474269108255723 3.16899522035087 -2.57269543130219 -4.36816620713582 6.97239525597653 4.2929244267041 2.30492437455462 0.00122075493144474 0.0228979414940482 0.00451183499835928 0.0276600025068211 0.518589077920657 0.203148801097496 0.77620394276459 0.0166666666666667 6 4069 4565 4410 4616 4305 4032
-796.922397557577 0.226640821725142 3.00138466171446 -1.43988768003549 -0.538214217628921 6.73031253913845 4.58555713014507 2.66324168478406 0.00185727366311877 0.0159443752521148 0.00203699781388799 0.0374688558517337 0.469108282013168 0.154704371303032 0.00473974420091273 0.0166666666666667 6 4069 4565 4410 4616 4305 4032
-804.757797605378 0.320691505589142 3.1949351794781 -0.824913833748257 -5.81211819562816 8.16208952120723 4.67716057463565 3.24115843554493 0.00469035258367971 0.01190488918547 0.000864601955838261 0.0658685353874872 0.457527897030947 0.0755138774861444 0.930560089461832 0.0166666666666667 6 4069 4565 4410 4616 4305 4032
-814.48132827581 0.348614870979139 2.91592470432633 -2.35296350995122 -6.27222524146429 7.12612904698618 4.04539581259067 2.21897322170031 8.11841168174472e-05 0.304745382739363 0.0718366886338766 0.00676942286293668 0.535677841812533 0.247823365219306 0.313685953874048 0.0166666666666667 6 4069 4565 4410 4616 4305 4032
-1076.06176805943 2.80730441305433 3.17077017693024 -1.49323864610915 -3.71348739322913 7.38011310050322 4.2162611227635 2.81080671101969 0.00351297961751172 0.0122946195913357 0.00404047384964532 0.0663171845839756 0.00756467593018839 0.145991554044241 0.336779303729251 0.0166666666666667 6 4069 4565 4410 4616 4305 4032
-798.334845178934 0.238711290507576 3.82637298214136 -2.91966658562053 -0.950605809668008 6.82798253599346 4.89957844398856 2.63847456998114 0.0030717378291767 0.0131706971784431 0.00115975608678993 0.0532910004487001 0.431766006456542 0.11000664298665 0.0261433796547511 0.0166666666666667 6 4069 4565 4410 4616 4305 4032
-800.772272185763 0.362890399067701 3.61458164574927 -1.11109484605747 -2.34671303122963 7.43183727687421 4.91925236014198 2.93632450591309 0.0042518166427299 0.0116045864562602 0.00110711154524695 0.0613341419706326 0.452845004103394 0.0856481160890746 0.0982998400515793 0.0166666666666667 6 4069 4565 4410 4616 4305 4032
-810.034722387259 0.956390257791221 3.73672061705727 -0.00396364472262277 -1.01566067607993 7.48050186022463 4.99599039626044 3.03752411061392 0.00393147143326599 0.0111181648424612 0.00090227971960966 0.0548304620446772 0.565969562257614 0.0785112456269118 0.766833550913744 0.0166666666666667 6 4069 4565 4410 4616 4305 4032
-796.879033599354 0.280670743251211 3.74412127443201 -3.54650921884408 -0.00724867487853841 6.52074250649732 4.7832857901987 2.42339183602908 0.00223394823979415 0.0139090874787257 0.00220721465371976 0.0423253036060481 0.42674957819704 0.151753294303011 0.00915951946477595 0.0166666666666667 6 4069 4565 4410 4616 4305 4032
-808.990996115838 0.635886182132083 3.39304185589218 -0.726677695393624 -0.718031287376954 6.80491376538544 5.00500488856861 2.73519030125745 0.00315655584661936 0.0122756688699461 0.0012547063267138 0.0451333629376075 0.591652109538856 0.104504940962063 0.601891346381098 0.0166666666666667 6 4069 4565 4410 4616 4305 4032
-803.160692424922 0.375523831638899 2.9634128228191 -3.73893928578631 -3.76740570528062 6.68092666903798 4.14875105846776 2.02732369480892 2.23793536049115e-05 0.922906489574459 0.028705337604618 0.00378906303649093 0.519114489404152 0.298353651401462 0.00117100698199862 0.0166666666666667 6 4069 4565 4410 4616 4305 4032
-797.71581391151 0.238508260316362 3.18634257373819 -2.23173584618286 -0.863574996035639 6.85539660182076 4.57595116355269 2.78532374078677 0.0023500028113843 0.014137296033886 0.00160820510311736 0.0441834537527581 0.434737974082067 0.142181210522972 0.012128519482887 0.0166666666666667 6 4069 4565 4410 4616 4305 4032
-798.05881180412 0.388462235635957 3.10204247322353 -2.25017864319916 -1.42274526006758 6.63268485277621 4.42581013676447 2.30751723268597 0.00134319196295489 0.018995910992148 0.00186322452008252 0.0318899326936534 0.464294851006133 0.212120017033773 0.00413437026301986 0.0166666666666667 6 4069 4565 4410 4616 4305 4032
-884.32454316868 0.638426881089412 4.19035171537296 -0.855982416535037 -3.73455733220254 1.52965805268103 7.30436502934554 1.15532858438238 0.00845481117553699 0.0176269517755753 0.00721475093472403 0.118077076642762 0.153658560549144 0.0481495052312996 0.447582778367089 0.0166666666666667 6 4069 4565 4410 4616 4305 4032
-804.038474163075 0.321299532259943 3.45264157313801 -1.43812825176083 -2.69968980782983 7.26372412551052 4.81420249479519 2.89294568182815 0.00404801671661649 0.0117175759817368 0.00158971319423812 0.0592981390961201 0.438375454569436 0.0969513279668386 0.306609749014005 0.0166666666666667 6 4069 4565 4410 4616 4305 4032
-798.9622991402 0.225966735280804 2.64367967876383 -0.980715920015227 -1.21305807246946 6.3999287821963 4.2448482297052 2.30483126463241 0.000522372798732928 0.039668509927069 0.0048700840795223 0.0194001454001338 0.472839817771185 0.248331783973266 0.00353043058856201 0.0166666666666667 6 4069 4565 4410 4616 4305 4032
-803.270734769524 0.307972147910552 2.3452743297949 0.922695999582825 -5.68393889244312 7.69968820902181 3.94331394255321 2.91444733057381 0.00129092160451806 0.0228249547106779 0.00348746480701006 0.0314430013669974 0.466453033972452 0.175953382652629 0.0750512177133984 0.0166666666666667 6 4069 4565 4410 4616 4305 4032
-806.410056135424 0.434888629258342 3.67633586577019 -2.88574481716465 -2.80379577685633 7.31104274858143 4.98733903243911 2.84374371226078 0.00425967868865506 0.0119422716017384 0.000600528972396978 0.0579286782978337 0.499363864265013 0.0864183324223303 0.853644652879775 0.0166666666666667 6 4069 4565 4410 4616 4305 4032
-829.047277096285 0.324793658669443 1.63775746638018 -1.55412809083264 -6.96849213877282 6.37388951440364 3.15274280490226 1.6777358849007 1.09561253373458e-05 0.922329314613058 0.286392317332292 0.00277671906872619 0.548458572438759 0.859667225433148 0.583967171460247 0.0166666666666667 6 4069 4565 4410 4616 4305 4032
-805.230805523785 0.304363716609615 2.76421650463549 0.0384774838742607 -0.0907166657447665 6.25247707855358 4.48368644142529 2.29391658550066 0.000436605273632072 0.0459628660803742 0.005000895999789 0.00150675752529401 0.648620476143959 0.221581253408425 0.00456365205186396 0.0166666666666667 6 4069 4565 4410 4616 4305 4032
-815.872243712274 2.1273246206611 2.60537441149599 0.245766681136442 -0.703689216026687 6.99142295156882 4.64473869591057 2.87017265924058 0.00230844848567455 0.0163574478600053 0.00257696718583818 0.0425928569568583 0.523186344938724 0.123583197025752 0.746708334475496 0.0166666666666667 6 4069 4565 4410 4616 4305 4032
-797.218518584045 0.324466496753946 3.08484257965353 -0.091314968688868 -0.653635943160455 6.92808985123055 4.71063264527234 2.90231112900919 0.00278075040323859 0.0128539350220838 0.000544728665979866 0.048621710115232 0.476030750046242 0.128805902636389 0.0105359204946782 0.0166666666666667 6 4069 4565 4410 4616 4305 4032
-822.413146209622 3.51085748841373 2.57386040109119 -1.29073172120442 -1.10274806073284 6.57041664786728 4.29600213876336 2.28620814140535 2.64238699154168e-05 0.84685175741038 0.22128113486947 0.00359542576296292 0.634293949032168 0.206622984914112 0.193661113122209 0.0166666666666667 6 4069 4565 4410 4616 4305 4032
-800.579885895722 0.312930584254301 3.80566786501245 -4.20803573815466 -3.08785126168059 7.37574916904584 4.65650224480017 2.6972960238299 0.0036574122534341 0.0123978140249908 0.00111730465835514 0.0581568763809389 0.42342968050353 0.113366855223563 0.113071690847347 0.0166666666666667 6 4069 4565 4410 4616 4305 4032
-797.409314357772 0.393148046833821 2.85464364468661 0.737266043056133 -1.27083220617285 7.02194433684265 4.44196735893054 2.78454634887522 0.00236845602429432 0.0137356809755693 0.00106476396575324 0.0450057125936543 0.465858687639933 0.158928101631023 0.00651272837267194 0.0166666666666667 6 4069 4565 4410 4616 4305 4032
-798.454594353632 0.4076675640449 3.59566916537888 -3.25939549438123 -0.854804000196067 6.76986458270004 4.98455562105994 2.62276742284245 0.00334705770734691 0.0123586392632709 0.00068650273932431 0.0540962986635163 0.444555400882276 0.119718525842155 0.0298487988540696 0.0166666666666667 6 4069 4565 4410 4616 4305 4032
-800.101853824126 0.270579930200501 3.24567045184143 -0.697503509024107 -3.65743865038686 7.39785838871883 4.55649241117849 2.79181255448288 0.00299171772175019 0.0132490321796315 0.00141900395821714 0.0506733904867987 0.450778407458172 0.128127765799446 0.0595118615551419 0.0166666666666667 6 4069 4565 4410 4616 4305 4032
-801.922799924422 0.314538582128187 3.60357121979945 -2.89432942226345 -0.335878771852074 6.47201656445742 4.97113852405892 2.45662731216939 0.00249659064234676 0.013838454920568 0.00137905773091359 0.0417450308115186 0.490974614306601 0.141595577419449 0.0744627413341765 0.0166666666666667 6 4069 4565 4410 4616 4305 4032
-837.691806917018 0.2564555827277 -0.00783358442684448 -3.098392970726 -4.02450299266489 6.33741769335299 4.95095629436578 3.44418380468792 0.00148871555006182 0.0362639963703306 0.00957743540396376 0.0316923472752427 0.58379874278781 0.1070920783428 0.930708357031888 0.0166666666666667 6 4069 4565 4410 4616 4305 4032
-798.254584801557 0.266784045923782 3.30749646285665 -1.44137968874355 -1.67839466533527 7.21548539113589 4.7231239127457 2.78350515194994 0.00297000814678998 0.0128487077848958 0.000647794615378921 0.0518160267404573 0.430650572700777 0.116771673125757 0.0153192964036128 0.0166666666666667 6 4069 4565 4410 4616 4305 4032
-994.118851724491 0.318969261619614 -0.761435644992361 -5.89604677595036 -4.47448384656003 1.71778545442515 -2.06497648425206 0.96195187393486 0.00102867982439023 0.626355290590961 0.200730335708797 0.0504524369421898 0.0270874668565473 0.0107762103309079 0.0574379372768601 0.0166666666666667 6 4069 4565 4410 4616 4305 4032
-809.230741866665 0.361933093389018 3.03020075350495 -1.79523421715818 -3.19721049046309 6.82856073379625 4.5757562022639 2.47709808727214 0.0012297636007201 0.0246600155787433 0.00509786474714397 0.027057233764522 0.499738619451813 0.167804114417919 0.444359360303794 0.0166666666666667 6 4069 4565 4410 4616 4305 4032
-804.683877121197 0.374073879527323 3.589152026683 -2.20351647040443 -4.96393126978349 7.97643760304304 4.54550170575055 3.11252765542933 0.00411394351650604 0.0123403067062529 0.00138888074516059 0.0593435389183773 0.453468325916216 0.0869940719151829 0.805141210998155 0.0166666666666667 6 4069 4565 4410 4616 4305 4032
-803.074511123022 0.4065507792766 3.4605204110492 -0.863929646730584 -3.77622004521053 7.33670512369371 4.80885175137111 2.87189984101661 0.0038530043182401 0.0118868097236167 0.00127565624337563 0.0576165046571566 0.452478720295395 0.106471750446313 0.282546803356082 0.0166666666666667 6 4069 4565 4410 4616 4305 4032
-880.684871538701 0.509896222864703 2.91057211148616 1.28261025924379 3.65579061699039 5.89078107211156 6.12171499836395 3.16015513260935 7.27293195033733e-05 0.98693033554872 0.112006554432552 0.00712028794919563 0.861479785915896 0.992711650382447 0.756516606587479 0.0166666666666667 6 4069 4565 4410 4616 4305 4032
-796.753454290228 0.290479183373266 3.90845053280544 -4.68576432036688 0.461740092915711 6.35234559138819 4.982306875402 2.31273824739558 0.00217007076768494 0.0147437639301388 0.00191107938521352 0.0403413621702889 0.444972789786119 0.141064661612337 0.00981685589813491 0.0166666666666667 6 4069 4565 4410 4616 4305 4032
-795.474241762916 0.308985702951616 2.97832436538701 0.925542526661236 0.358005617909257 6.61900671814932 4.76886070566375 2.79170167182376 0.00221422161613177 0.0130162653442448 0.00175008802088766 0.0424144532430437 0.434360253188413 0.140457673479358 0.00204343640673318 0.0166666666666667 6 4069 4565 4410 4616 4305 4032
-875.379422374805 0.521280702681656 2.83057212868262 2.12314990679122 3.8793754974496 5.89707139506061 6.13778075473767 3.13981857666328 0.000577436663445202 0.122798743373763 0.0106030634776544 0.0237328845851017 0.807030454507804 0.941846507175583 0.985963112075066 0.0166666666666667 6 4069 4565 4410 4616 4305 4032
-823.597515088176 2.48498439950138 2.79371980450695 -1.60052106513769 -2.56451345240088 6.42791189700057 4.51680787242843 2.3224793201694 3.06436752556796e-05 0.971470272357338 0.268554569501377 0.00381476744874609 0.619504010188247 0.167555351344969 0.426899419871793 0.0166666666666667 6 4069 4565 4410 4616 4305 4032
-804.34098917572 0.385727402376462 3.32252962906501 -1.66556255327091 -5.29099728434318 7.84912422399057 4.45379878039014 2.99549321151572 0.00373096153882921 0.0123405488027363 0.00151970225296622 0.0581919634035506 0.463337949308193 0.107200781818742 0.827201165396987 0.0166666666666667 6 4069 4565 4410 4616 4305 4032
-798.273204706765 0.244315480005511 3.85846029405558 -3.72807348661483 -0.677493708844183 6.9069816659635 4.88184438303205 2.65959267872145 0.00325678442597742 0.0124050648665695 0.00133468655319892 0.052568072409077 0.443514811028356 0.116457829512011 0.0306730576403846 0.0166666666666667 6 4069 4565 4410 4616 4305 4032
-807.284502643762 0.340114536496442 2.69997551849234 -4.50360248329048 -0.68417870305632 5.301375079887 3.49742782544223 1.02969494061138 0.000521898135402453 0.015928413026164 0.000633381933460774 0.0226857609485475 0.48248680459511 0.976316651225711 0.00295278685998432 0.0166666666666667 6 4069 4565 4410 4616 4305 4032
-804.334604023143 0.441739150831391 3.27875395185897 -1.65832004039391 -4.79722653740422 7.79229614210761 4.57005606438307 2.94030719780396 0.00355491113333868 0.0121136927495999 0.00137597635180459 0.0579707088230207 0.437056273005765 0.109719386222226 0.682063655171544 0.0166666666666667 6 4069 4565 4410 4616 4305 4032
-808.925794364591 0.745516160641281 3.7288464514719 -2.72324406309265 -1.46308252131485 7.18004752125092 4.95574527903561 2.73515468904617 0.00349431266604725 0.0134561143362291 0.00144104687773822 0.0472100060518399 0.546038132793865 0.0889435630243314 0.927598520948328 0.0166666666666667 6 4069 4565 4410 4616 4305 4032
-941.797545230246 2.00168362560477 -0.0842496392590197 -2.08041003401293 0.568126329262472 1.6355439175863 1.89368048497588 -3.02530036329128 15.1324685846296 0.661876208901589 0.221795194744683 0.161046622218993 0.517449598764909 0.927302322303026 0.74827195057976 0.0166666666666667 6 4069 4565 4410 4616 4305 4032
-796.123879615674 0.462935370905765 3.51707660890972 -3.23765617572648 0.669680145787476 6.25131752238865 4.74308140072145 2.33384005993326 0.00142852251773712 0.0184348680833579 0.00108759801797785 0.0311706169156246 0.472304395217206 0.172828504973774 0.00253720446652663 0.0166666666666667 6 4069 4565 4410 4616 4305 4032
-794.758347516201 0.249783880415486 3.30012159641987 0.0188235635334256 1.55206023952955 6.28074335801028 5.02132897895938 2.6312855095432 0.00244606547686449 0.0127040798856241 0.00115885769088203 0.0477136509028277 0.448682208856879 0.125406606967809 0.00136274215663288 0.0166666666666667 6 4069 4565 4410 4616 4305 4032
-890.14496454391 2.26730674166083 3.75414818467051 -6.75772526205578 -0.383616919362144 6.00013450013841 4.51485427863139 1.9057565464177 0.000586878290063942 0.0390955368019855 0.00403066319914134 0.0192168074213308 0.458140421739073 0.24479573286213 0.00401009217226716 0.0166666666666667 6 4069 4565 4410 4616 4305 4032
-795.979297618829 0.332133178490997 3.04747206251645 0.0169021421500847 0.388974362710849 6.25167096207846 4.73326050995347 2.41752024177765 0.00173587218774197 0.0151697531684525 0.00106974484332776 0.0398611126110013 0.453557845929802 0.185772001122425 0.00261373118918965 0.0166666666666667 6 4069 4565 4410 4616 4305 4032
-797.906665654404 0.298570812291261 4.00175154841222 -4.29502249875945 0.260998486375213 6.31222169380504 5.10811050851728 2.29794429379674 0.00295923499329844 0.0128898035215484 0.00184112217914119 0.0504011436506287 0.421919418033286 0.129892452188003 0.0189073437636836 0.0166666666666667 6 4069 4565 4410 4616 4305 4032
-896.395667595767 1.18485220058716 3.5973083951636 -6.2589577798647 -1.841707534979 6.60315869769662 4.51057641764408 2.45049048801704 0.000581354619516004 0.0450821015249646 0.00893823971701792 0.0185203182736527 0.620066367846732 0.181266287177948 0.969834775089047 0.0166666666666667 6 4069 4565 4410 4616 4305 4032
-798.925842424664 0.176816167596641 2.80824388436173 -0.22992997444836 -0.494733046578885 6.24951121577489 4.62620842675498 2.26851729162096 0.000836926201798747 0.0271551214594911 0.00338648086492543 0.0235841233718321 0.480419530336114 0.20721896467454 0.0055105146159479 0.0166666666666667 6 4069 4565 4410 4616 4305 4032
-803.693698561798 0.449626097348775 2.20946279282818 1.9179756740411 0.448210357875849 6.34121894818771 4.3328937846063 2.60157017752214 0.000739442715057171 0.0224287200248579 0.00298063185234593 0.0186316023464695 0.577094123152442 0.235970702105036 0.0160489627220739 0.0166666666666667 6 4069 4565 4410 4616 4305 4032
-820.980848540514 2.39701560542481 3.66183407576658 -5.46351242583202 -0.204383666185814 6.11941982339516 4.79723265598086 2.05655134211656 0.000177359176272273 0.148661679714671 0.0332001720759848 0.00762685562884216 0.650640263107548 0.16412204577603 0.982992153939239 0.0166666666666667 6 4069 4565 4410 4616 4305 4032
-826.279494648606 1.39347166822575 2.32116438562901 -1.08871500235477 -3.91547267042021 6.65953336111294 4.4541249240308 2.34179119000323 2.86616169879108e-05 0.996093354194116 0.298702499075111 0.00405840290485195 0.561243477626183 0.176340951487301 0.908164020887217 0.0166666666666667 6 4069 4565 4410 4616 4305 4032
-801.908319606994 0.347748176570737 2.94017309289505 -0.15995850714822 -3.90029108701278 7.74924550054301 4.72815146513752 3.21173778479123 0.00402708738227716 0.0115025446727571 0.00067717725931734 0.0615267530762243 0.460600321056325 0.0980429387571762 0.110374131764642 0.0166666666666667 6 4069 4565 4410 4616 4305 4032
-889.412363662834 0.348887609287883 -2.37394813322994 -0.530764227026993 -2.41911877627087 2.14199365349706 6.37674049598071 3.26804314668583 0.00212282799718347 0.0614224945712795 0.0146376986895337 0.0444858206907981 0.720947323190666 0.0506720128785753 0.0639456411002392 0.0166666666666667 6 4069 4565 4410 4616 4305 4032
-799.864615698738 0.276773900413019 2.97648113540629 -0.671531417450036 -3.09816310227846 7.38687033557863 4.48131112193816 2.83809490863477 0.0025266783445768 0.0141104575162037 0.00208405074989694 0.0447699066712485 0.442249399176414 0.134834031376169 0.0396248131246536 0.0166666666666667 6 4069 4565 4410 4616 4305 4032
-797.24339259319 0.260500094431259 2.78930193669661 0.92782450006709 -0.397941929100419 6.81031975381274 4.49254463696574 2.75502479798221 0.00228800385651882 0.0136586242947451 0.00290084407355644 0.045301638205053 0.373093023269419 0.157697370605106 0.00331626314211372 0.0166666666666667 6 4069 4565 4410 4616 4305 4032
-809.581899078205 0.537912588789941 1.49559575475712 -0.0965122194889813 -3.24299379085188 6.10367684051922 3.17644146753233 1.79602908994078 0.000447006910879217 0.0227485445479009 0.00271078224971685 0.0192985651481527 0.494893136290129 0.762128521528218 0.0207679389213809 0.0166666666666667 6 4069 4565 4410 4616 4305 4032
-810.53124394949 0.701098058900862 3.42202647974814 -0.787782232692872 -1.32766510241551 7.3842602319175 4.79348170967403 2.72890495280562 0.00321873018901669 0.0130285319641734 0.00162903037448615 0.0454545011431058 0.546717754187878 0.0997297227086243 0.909066496366879 0.0166666666666667 6 4069 4565 4410 4616 4305 4032
-821.127906073798 2.14427161231363 2.60657541260105 0.848192016211968 1.00511671803255 7.25761775604367 4.31987531973032 3.03105602211296 0.00162325508658158 0.0157589725367421 0.00414137662246433 0.00284803927872033 0.713855301625954 0.132518226352507 0.817269446508739 0.0166666666666667 6 4069 4565 4410 4616 4305 4032
-821.885552697571 1.03297256768828 2.6159201243455 -2.68514588252397 -5.11133098847614 7.18311518634082 4.10895647073256 2.45876355485288 2.78482266686389e-05 0.956163537936211 0.230340208938926 0.0042415534816448 0.543981732394292 0.21109944865341 0.612154932280105 0.0166666666666667 6 4069 4565 4410 4616 4305 4032
-797.207653617735 0.18684095160337 3.63999487118223 -2.17269242107923 -0.186591280672694 6.62634021503313 4.99611744864169 2.54380247025446 0.00275231448456508 0.0130276326081581 0.000164319646724664 0.0476045137285138 0.467393175305891 0.117938035620267 0.0125655256770952 0.0166666666666667 6 4069 4565 4410 4616 4305 4032
-797.969534824774 0.357060665677471 3.83546982004641 -2.00060260879519 -0.441540707173295 6.91926946473462 5.08894242862675 2.66933992162177 0.00365875683402682 0.011820523098835 0.00107493230762602 0.0539902821724856 0.450731915959182 0.0987831529452851 0.0214008171865675 0.0166666666666667 6 4069 4565 4410 4616 4305 4032
-804.366415213693 0.335924247540801 3.65999240308026 -3.50411997354987 -5.26859709103128 7.50604515401513 4.78804070397847 2.72679497453072 0.00388047624710143 0.0127812453438936 0.00146916542150694 0.0575057915829023 0.451915964102714 0.105799128977669 0.997380817225178 0.0166666666666667 6 4069 4565 4410 4616 4305 4032
-797.435262634898 0.376530533126142 3.37496415736672 -0.676944369595833 -1.03572196514974 6.95142073921544 4.70770262861164 2.67652070756461 0.00257296860875862 0.0133906429015966 0.00086487952152133 0.0476466113241578 0.463748625285632 0.131707417083154 0.0117291013732207 0.0166666666666667 6 4069 4565 4410 4616 4305 4032
-913.894154465231 0.44017876917617 2.78307311969536 -0.934428805792443 -0.971830374413522 -0.0766590223873145 -3.12340433109837 -1.61461917605946 15.8489252453027 0.875843661144124 0.195001071657814 0.216883390316596 0.434987661899255 0.000191258444174531 0.61052595133827 0.0166666666666667 6 4069 4565 4410 4616 4305 4032
-798.522871581502 0.299667687631424 3.13602989421423 -1.87259251999365 -1.37361187073659 6.58808198973444 4.50246312924046 2.38010260564145 0.00136806850300318 0.0193180304420563 0.00211911569939716 0.0330370248664316 0.45427762851704 0.197415721027193 0.0126742790837764 0.0166666666666667 6 4069 4565 4410 4616 4305 4032
-796.560036947725 0.335879072222351 2.95935712425111 -0.384368624811617 -0.277629761903755 6.52006768861632 4.66639876169279 2.43505804095484 0.00168355823635004 0.0168485286303109 0.00197854083411149 0.0360693487700024 0.46503576939401 0.170026683103111 0.00401224443338426 0.0166666666666667 6 4069 4565 4410 4616 4305 4032
-810.213070876665 0.293472583083198 2.79495959556514 -2.31681053627139 -4.48911425406471 7.21299948798279 4.17483425070662 2.57929822182216 0.00122420638232422 0.0233972505049642 0.00538720173837704 0.0275862974699882 0.487176206547079 0.193075300535634 0.940173214931051 0.0166666666666667 6 4069 4565 4410 4616 4305 4032
-1035.5080644282 3.12731493961376 3.48128745556991 -4.88096021581583 -5.28250105162362 7.69645375605873 4.05385114151839 2.75877475433305 0.0032659512028163 0.0127756482649897 0.00451201738346133 0.0671183251098565 0.00873817922141818 0.151825729629363 0.899032993392092 0.0166666666666667 6 4069 4565 4410 4616 4305 4032
-799.929641688503 0.299182466435102 2.80979506235227 -2.08344880867682 -2.03162455642032 6.43241593018027 4.1455416903467 1.98481770277578 0.000140725357355966 0.135922282372827 0.010424936665712 0.00990310445098055 0.499352430156135 0.295669605089419 0.000854515624803443 0.0166666666666667 6 4069 4565 4410 4616 4305 4032
-808.964233559972 0.489776597109286 3.15297590765671 -1.78609193887069 -1.64244075549212 7.28715042177506 4.72768762992509 3.01188570196578 0.00359837247936458 0.0121086137906315 0.00234327427340589 0.0541390815847611 0.51166196104684 0.1065758095473 0.62977846716344 0.0166666666666667 6 4069 4565 4410 4616 4305 4032
-796.331816176482 0.315513998606011 3.66757146406399 -2.50675960623308 0.370863832418358 6.5767234378589 4.83146810846567 2.4381573430439 0.00211741138547975 0.0147803513849192 0.000423145574920927 0.0404718060157592 0.484644640665786 0.13796144235356 0.00584684466978121 0.0166666666666667 6 4069 4565 4410 4616 4305 4032
-804.601244955076 0.421029739974325 3.72172536641423 -3.31274398320378 -5.17104411583074 7.53001999041778 4.6271906566867 2.74223350944255 0.00365496126130796 0.0125787853495857 0.00163545618049648 0.0547235368505859 0.45647091750762 0.114696542449903 0.991799370093621 0.0166666666666667 6 4069 4565 4410 4616 4305 4032
-804.175706048236 0.357911336972102 2.85227659066282 0.79561441396928 -6.63716183102266 8.16890831360679 4.41962697700037 3.14982656945486 0.0036989876778132 0.0121125807029028 0.00130812804163558 0.0563404680910662 0.467204321842879 0.115124070813851 0.703764422812515 0.0166666666666667 6 4069 4565 4410 4616 4305 4032
-798.36193298988 0.266644042194218 3.25997464039792 -0.975806399842556 -1.93517055742074 7.17371943502157 4.48926395977957 2.76002533770277 0.00277511706955924 0.0133261819636552 0.00183492302069233 0.0500798569598311 0.44001309543787 0.142401160738905 0.0106939060320554 0.0166666666666667 6 4069 4565 4410 4616 4305 4032
-826.706139225365 3.77732475869436 3.2607730490236 -3.99191235654467 0.492643974626152 6.14896147539245 4.50566610679491 2.07968681692789 5.3102793715628e-05 0.413168150019395 0.12462243443099 0.00044661752545702 0.705883673150896 0.207207836444713 0.78211219389516 0.0166666666666667 6 4069 4565 4410 4616 4305 4032
-794.649821554454 0.186564134484456 3.0417717786295 0.714539277316393 1.70372303841807 6.20751034461831 4.87975171093153 2.66976921264402 0.0020213232427378 0.0127596757500369 0.00168473506780243 0.0403241603508266 0.467486212800891 0.152911937667112 0.000539274984313692 0.0166666666666667 6 4069 4565 4410 4616 4305 4032
-795.086836718064 0.26336391647527 3.27725310447724 0.454682952006131 1.73390558503529 6.1404955091047 4.94990017501867 2.51049090796012 0.00184964623987459 0.0136392364789738 0.00138957701986422 0.0365591777298778 0.480482289038211 0.15957441249139 0.00053109420219103 0.0166666666666667 6 4069 4565 4410 4616 4305 4032
-794.733090619781 0.305960425947282 3.0744258194791 0.684519987906971 1.95146048305601 6.11959471198451 4.97988950105925 2.60359271607516 0.00194962594470787 0.0135468747119016 0.00117002714767127 0.0391183624371714 0.458251057031303 0.139031443949903 0.000795952941365956 0.0166666666666667 6 4069 4565 4410 4616 4305 4032
-794.735943411983 0.202983164988963 3.4182762368681 -1.2655108959691 1.96401795683946 6.04833889871792 4.97804274440165 2.42285045963676 0.00192297179495386 0.0143674406700995 0.00122795856388651 0.0378386947159465 0.464293401635123 0.149355134584877 0.000508548716724717 0.0166666666666667 6 4069 4565 4410 4616 4305 4032
-795.200751246279 0.211814414164154 2.91854453714443 1.32854267236466 0.951856430595506 6.55892306278282 4.76577360086072 2.71543018835403 0.00196959751587592 0.0140401640182362 0.00075099570073941 0.0352089762500881 0.511263346836817 0.138625323614218 0.000960170785617882 0.0166666666666667 6 4069 4565 4410 4616 4305 4032
-794.912667600997 0.209367954300235 3.4471270615826 -0.77525554018351 1.80083871510655 6.27100571909419 5.09611516066847 2.55823760448654 0.00223377482966914 0.013363950542646 0.00135868502410577 0.0407268296812267 0.461464261225372 0.126741139966357 0.00140071332800602 0.0166666666666667 6 4069 4565 4410 4616 4305 4032
-794.445716453216 0.259508230083365 3.36912278450441 -0.694594457862679 1.62675588975469 6.20378296485189 4.94248509082535 2.53113755980255 0.00230471123041836 0.0126462954050317 0.0013811882056745 0.0428443712310174 0.456043797194898 0.147737432307186 0.000688057837183607 0.0166666666666667 6 4069 4565 4410 4616 4305 4032
-795.442033781477 0.326201754179784 3.41441920033905 -0.140345914230904 1.14011571924624 6.56004426164779 4.96365649884838 2.65030092109395 0.00278463655199943 0.0119196354313112 4.49127899523064e-05 0.0500646910289962 0.48804348545486 0.120429573952435 0.00115408864351307 0.0166666666666667 6 4069 4565 4410 4616 4305 4032
-794.964297479456 0.290363681389365 3.43647258155342 -1.04546264088817 2.08193977828699 5.89445371544668 5.04727068802703 2.36994393068892 0.00184092088363055 0.0145848783048727 0.00161409098576209 0.0372241734494714 0.47212177155223 0.159317808975238 0.000418106425932406 0.0166666666666667 6 4069 4565 4410 4616 4305 4032
-794.792833568631 0.254662505415013 2.95467978618471 1.35460332777334 1.86400149258888 6.06116330565094 4.98746179446863 2.64226491751791 0.00191826117012894 0.0134121458599049 0.00157888409806762 0.0392045561265162 0.474881233516856 0.146750662299778 0.000467204957408399 0.0166666666666667 6 4069 4565 4410 4616 4305 4032
-795.018907868619 0.22388984416024 2.59338317420813 2.02152277363531 1.70111602118794 6.18334710486506 4.68141284506323 2.75580689045557 0.00146552966413737 0.0148003788476106 0.00192107824860547 0.0338009531149497 0.463293461580584 0.168917415718415 0.00032136947376693 0.0166666666666667 6 4069 4565 4410 4616 4305 4032
-795.541950065641 0.272247563754028 2.7955677550795 2.13177008981631 1.54848732366379 6.2696089165845 4.78265734286066 2.76583090038187 0.00163655700543036 0.0133532503757952 0.000107354726352528 0.035732098481704 0.516229915053741 0.16148242751552 0.000252162878337048 0.0166666666666667 6 4069 4565 4410 4616 4305 4032
-942.657290853535 2.05191933720781 3.79977917996477 -3.89591557053064 2.02993437521046 5.96874555348815 5.10227971052024 2.26345679601258 0.00228678056574254 0.0138784418201144 0.00150320971241631 0.043644785125015 0.446343273206843 0.143381849521009 0.00103201933593589 0.0166666666666667 6 4069 4565 4410 4616 4305 4032
-794.855865564342 0.332809303269525 3.19511482626737 0.312955351179046 1.12933814232398 6.42565507626453 4.85451323237926 2.58738995380383 0.00205573802090654 0.0134410759743214 0.00100027414144803 0.0406712897442551 0.490583816440066 0.147083312873265 0.00106206485574706 0.0166666666666667 6 4069 4565 4410 4616 4305 4032
-1026.68998756493 3.1847667228362 3.04119581496393 1.02836792688805 1.68392177249226 6.31306571641289 5.00479089453842 2.8228485993297 0.00262548147723178 0.0124288312587061 0.00180415401019553 0.0484864880870524 0.427702820731657 0.120530643708683 0.000751867770330493 0.0166666666666667 6 4069 4565 4410 4616 4305 4032
-795.06724987315 0.264439908125593 2.91266786401209 1.55133634940444 0.971446031905681 6.61124128675687 4.81934000817965 2.85860226811108 0.00243469191156054 0.0124187449034562 0.0016012056161093 0.0494252466660566 0.42119878524139 0.130353707602639 0.00102294012258664 0.0166666666666667 6 4069 4565 4410 4616 4305 4032
-794.989200309058 0.378660199482841 3.01179246448939 1.49603712964773 1.58967372573357 6.27949074009486 4.98974004968831 2.72813221476297 0.00215917967989046 0.0127477237708214 0.000566597796324892 0.0424101576014384 0.471818222234076 0.134400846849945 0.00118902017868651 0.0166666666666667 6 4069 4565 4410 4616 4305 4032
-795.025495216847 0.350671370325461 3.38571838813759 -0.479726783270525 1.2692794948684 6.4516037833897 4.92081525121583 2.58536290998414 0.00244369546621203 0.0125794629085326 0.000163446468928926 0.042611612985455 0.508051519746468 0.138458731286961 0.0015179244119543 0.0166666666666667 6 4069 4565 4410 4616 4305 4032
-795.398795343982 0.389251886998424 3.10004547464419 -0.289855328816177 1.47874423942686 5.95989866526355 4.86178024911593 2.35358332610026 0.00126715379919519 0.0172526341787465 0.000151345729313263 0.0310476764495857 0.472081780922149 0.186945441021781 0.000419032749878979 0.0166666666666667 6 4069 4565 4410 4616 4305 4032
-795.027463466923 0.310716193607576 2.61553631564178 2.10801800156176 1.04892070022699 6.43787185721333 4.64123016834184 2.86591367787654 0.00170568629116323 0.0140206187434859 0.00155534754386558 0.0355118862848024 0.476954227143365 0.157128073067867 0.000512434939858639 0.0166666666666667 6 4069 4565 4410 4616 4305 4032
-962.949548889092 4.47157783527746 3.45839644187835 -1.56490355002199 2.31107432263902 5.8731970563071 5.02928910730757 2.43303391300895 0.00189295262751493 0.0138426788713378 0.00162173676356517 0.0390675666048609 0.449669833580765 0.149304098253682 0.000231538325048723 0.0166666666666667 6 4069 4565 4410 4616 4305 4032
-795.133690632277 0.322588015074814 3.51713205499874 -0.189241124061021 1.94505327910455 6.28196086957649 5.0945917362565 2.61255204391109 0.00242603497237027 0.0119156240330992 0.000119087993520806 0.0433603552187447 0.487568233547059 0.125804274387055 0.000459751506122924 0.0166666666666667 6 4069 4565 4410 4616 4305 4032
-794.807817984267 0.263172972692495 3.27257576060703 -0.0870802537038169 1.21143273538656 6.25763894313107 4.91397924260129 2.5553349553659 0.00245415805936086 0.0128952965461033 0.00176926700158838 0.046636754098252 0.411526208308022 0.139590292468162 0.00100093004711041 0.0166666666666667 6 4069 4565 4410 4616 4305 4032
-794.917434628822 0.248006309581096 2.92545690325352 0.452991518469713 1.25106834243985 6.38548675349574 4.7104673775489 2.65502564620665 0.00202212847565831 0.0129584878078712 0.00143392464036633 0.0409862519877332 0.462597027494287 0.161347387662924 0.00135815565559563 0.0166666666666667 6 4069 4565 4410 4616 4305 4032
-794.439742500044 0.268114729556014 3.19218268908089 0.357220176209716 1.78810052527215 6.20353281335959 4.93047926996019 2.63941642663161 0.00215861584717031 0.0131461416981861 0.00134462454353965 0.0406803242092152 0.47081179753161 0.137883262397062 0.000767709795429947 0.0166666666666667 6 4069 4565 4410 4616 4305 4032
-794.818204565275 0.415367212591745 3.65432922174 -1.71921147845305 1.31301398300901 6.18320810094776 5.0513716930821 2.40310557640618 0.00232183486227499 0.0133645025084435 0.000989067243128803 0.043794931519225 0.478984913218218 0.144737438377739 0.00148477332212618 0.0166666666666667 6 4069 4565 4410 4616 4305 4032
-795.389703387094 0.240054309292648 3.26821023328817 -1.68102352774739 1.20436354782388 6.02078812702346 4.83538520903281 2.26730660041938 0.00152044380077711 0.0164969877764194 0.001879169887935 0.0305686521166835 0.492034608774099 0.189812485103474 0.000678997577629915 0.0166666666666667 6 4069 4565 4410 4616 4305 4032
-982.995545400811 4.26355307797566 3.13082011058036 -0.556604802343999 1.73134579481713 6.13802589188242 4.85607164837353 2.51011396876987 0.00169724772824597 0.0142704151006249 0.000100841060874621 0.0351825945965173 0.484134468254353 0.165637251027145 0.00042062690011596 0.0166666666666667 6 4069 4565 4410 4616 4305 4032
-794.897456257607 0.292221802182008 3.38986409987879 -2.15120494898554 1.56308160697303 6.1002736249779 4.86652995736993 2.39928652229288 0.00186893801749796 0.0144569339551758 0.00135229059097412 0.0387499824491523 0.457424160457981 0.168417529306782 0.00101170373790007 0.0166666666666667 6 4069 4565 4410 4616 4305 4032
-795.094794666246 0.235043134269947 2.86346940698242 1.31390988142046 1.23513540165723 6.23251442872313 4.74992024394592 2.6229899739394 0.00163698686659808 0.0153188840793848 0.00139010886332747 0.0357560459203573 0.493031963143291 0.163288986980783 0.00034665816272045 0.0166666666666667 6 4069 4565 4410 4616 4305 4032
-795.279545327989 0.248723757627102 3.43064423176907 -0.842981710687741 0.974231051858712 6.43714245788488 4.93368825926007 2.56460502648288 0.00253479545335368 0.0130867625463708 5.08416352142387e-05 0.0483893559048794 0.457739387859691 0.140219121538755 0.00101495610228477 0.0166666666666667 6 4069 4565 4410 4616 4305 4032
-795.042044543867 0.19333394901986 2.82300591556889 1.43143049614542 1.159666386141 6.40485111508288 4.78820670168488 2.79547537517101 0.00221114529343 0.0133368193716611 0.00206397861773966 0.0410274200899271 0.46673347016128 0.141676250426504 0.00125560652728272 0.0166666666666667 6 4069 4565 4410 4616 4305 4032
-794.992486658852 0.195459638845364 3.23328909708813 1.11851749490127 1.35306669669765 6.3434454716865 4.98249399371705 2.63452779372397 0.00261796082210891 0.0121575433434128 0.00143037379403064 0.0489485853413416 0.429852728099054 0.127456210153458 0.00102434559391155 0.0166666666666667 6 4069 4565 4410 4616 4305 4032
-794.884327214121 0.297869236328218 3.51649285990989 -0.420505167778419 2.36343614930404 6.24546747017397 5.15771406185041 2.69067141418715 0.00268123689615686 0.0122831448384829 0.00138049324832631 0.0458625853443623 0.475988744634899 0.110142265139039 0.000923976593695862 0.0166666666666667 6 4069 4565 4410 4616 4305 4032
-795.503101201813 0.399687276482127 2.87340623787087 0.817688633249576 0.784047819250673 6.48292168850743 4.7499983795783 2.64026894984211 0.00182903440895224 0.0143999378515172 9.57146981278807e-05 0.0382829713366212 0.494234977569358 0.164198418013513 0.000398212866984717 0.0166666666666667 6 4069 4565 4410 4616 4305 4032
-795.079807232346 0.252820045809127 3.51451771167483 -0.489880843554609 0.921739550817818 6.44982176645634 5.04709403577621 2.64409012793441 0.00292761100021366 0.0122291918768265 0.00126048779041828 0.0492271405332586 0.44573394896597 0.115863468344929 0.00148813370004138 0.0166666666666667 6 4069 4565 4410 4616 4305 4032
-794.938594666771 0.207137489169361 2.77094474505228 1.10571833970374 1.0994674497492 6.29827695739044 4.69720885247236 2.58147773268364 0.00154648608059107 0.0148291766809348 0.00141871556332472 0.0339311989158357 0.473446467456413 0.180386764398342 0.000561091769248566 0.0166666666666667 6 4069 4565 4410 4616 4305 4032
-794.698754036719 0.353021403043187 3.22440270266472 0.00578843759766287 2.03973931997162 6.19250194157473 4.97184260616921 2.59167819494134 0.00209995831097221 0.0130857697450247 0.000758765939970115 0.0400612859067531 0.470828753844451 0.141783765147048 0.000758758182880811 0.0166666666666667 6 4069 4565 4410 4616 4305 4032
-794.909633192286 0.284080567576757 2.80685722668027 1.84872667263833 1.94695516786488 6.13297645128298 4.87393845070474 2.66498944288494 0.00164351084511211 0.013777328944778 0.00175052622133421 0.0367921181870216 0.456942301334223 0.155501518867137 0.000531976010585734 0.0166666666666667 6 4069 4565 4410 4616 4305 4032
-794.735452792244 0.279998248437683 3.12140688250197 0.0199460800442683 1.66026214143605 6.07420269173663 4.92821780971319 2.51774191696225 0.00183792057817655 0.0137364083453143 0.00123799591515377 0.0379677977763927 0.45383980708731 0.163945846656204 0.000707059968646821 0.0166666666666667 6 4069 4565 4410 4616 4305 4032
-794.649821554454 0.186564134484456 3.0417717786295 0.714539277316393 1.70372303841807 6.20751034461831 4.87975171093153 2.66976921264402 0.0020213232427378 0.0127596757500369 0.00168473506780243 0.0403241603508266 0.467486212800891 0.152911937667112 0.000539274984313692 0.0166666666666667 6 4069 4565 4410 4616 4305 4032
-795.086836718064 0.26336391647527 3.27725310447724 0.454682952006131 1.73390558503529 6.1404955091047 4.94990017501867 2.51049090796012 0.00184964623987459 0.0136392364789738 0.00138957701986422 0.0365591777298778 0.480482289038211 0.15957441249139 0.00053109420219103 0.0166666666666667 6 4069 4565 4410 4616 4305 4032
-794.733090619781 0.305960425947282 3.0744258194791 0.684519987906971 1.95146048305601 6.11959471198451 4.97988950105925 2.60359271607516 0.00194962594470787 0.0135468747119016 0.00117002714767127 0.0391183624371714 0.458251057031303 0.139031443949903 0.000795952941365956 0.0166666666666667 6 4069 4565 4410 4616 4305 4032
-794.735943411983 0.202983164988963 3.4182762368681 -1.2655108959691 1.96401795683946 6.04833889871792 4.97804274440165 2.42285045963676 0.00192297179495386 0.0143674406700995 0.00122795856388651 0.0378386947159465 0.464293401635123 0.149355134584877 0.000508548716724717 0.0166666666666667 6 4069 4565 4410 4616 4305 4032
-795.200751246279 0.211814414164154 2.91854453714443 1.32854267236466 0.951856430595506 6.55892306278282 4.76577360086072 2.71543018835403 0.00196959751587592 0.0140401640182362 0.00075099570073941 0.0352089762500881 0.511263346836817 0.138625323614218 0.000960170785617882 0.0166666666666667 6 4069 4565 4410 4616 4305 4032
-794.912667600997 0.209367954300235 3.4471270615826 -0.77525554018351 1.80083871510655 6.27100571909419 5.09611516066847 2.55823760448654 0.00223377482966914 0.013363950542646 0.00135868502410577 0.0407268296812267 0.461464261225372 0.126741139966357 0.00140071332800602 0.0166666666666667 6 4069 4565 4410 4616 4305 4032
-794.445716453216 0.259508230083365 3.36912278450441 -0.694594457862679 1.62675588975469 6.20378296485189 4.94248509082535 2.53113755980255 0.00230471123041836 0.0126462954050317 0.0013811882056745 0.0428443712310174 0.456043797194898 0.147737432307186 0.000688057837183607 0.0166666666666667 6 4069 4565 4410 4616 4305 4032
-795.442033781477 0.326201754179784 3.41441920033905 -0.140345914230904 1.14011571924624 6.56004426164779 4.96365649884838 2.65030092109395 0.00278463655199943 0.0119196354313112 4.49127899523064e-05 0.0500646910289962 0.48804348545486 0.120429573952435 0.00115408864351307 0.0166666666666667 6 4069 4565 4410 4616 4305 4032
-794.964297479456 0.290363681389365 3.43647258155342 -1.04546264088817 2.08193977828699 5.89445371544668 5.04727068802703 2.36994393068892 0.00184092088363055 0.0145848783048727 0.00161409098576209 0.0372241734494714 0.47212177155223 0.159317808975238 0.000418106425932406 0.0166666666666667 6 4069 4565 4410 4616 4305 4032
-794.792833568631 0.254662505415013 2.95467978618471 1.35460332777334 1.86400149258888 6.06116330565094 4.98746179446863 2.64226491751791 0.00191826117012894 0.0134121458599049 0.00157888409806762 0.0392045561265162 0.474881233516856 0.146750662299778 0.000467204957408399 0.0166666666666667 6 4069 4565 4410 4616 4305 4032
-795.018907868619 0.22388984416024 2.59338317420813 2.02152277363531 1.70111602118794 6.18334710486506 4.68141284506323 2.75580689045557 0.00146552966413737 0.0148003788476106 0.00192107824860547 0.0338009531149497 0.463293461580584 0.168917415718415 0.00032136947376693 0.0166666666666667 6 4069 4565 4410 4616 4305 4032
-795.541950065641 0.272247563754028 2.7955677550795 2.13177008981631 1.54848732366379 6.2696089165845 4.78265734286066 2.76583090038187 0.00163655700543036 0.0133532503757952 0.000107354726352528 0.035732098481704 0.516229915053741 0.16148242751552 0.000252162878337048 0.0166666666666667 6 4069 4565 4410 4616 4305 4032
-942.657290853535 2.05191933720781 3.79977917996477 -3.89591557053064 2.02993437521046 5.96874555348815 5.10227971052024 2.26345679601258 0.00228678056574254 0.0138784418201144 0.00150320971241631 0.043644785125015 0.446343273206843 0.143381849521009 0.00103201933593589 0.0166666666666667 6 4069 4565 4410 4616 4305 4032
-794.855865564342 0.332809303269525 3.19511482626737 0.312955351179046 1.12933814232398 6.42565507626453 4.85451323237926 2.58738995380383 0.00205573802090654 0.0134410759743214 0.00100027414144803 0.0406712897442551 0.490583816440066 0.147083312873265 0.00106206485574706 0.0166666666666667 6 4069 4565 4410 4616 4305 4032
-1026.68998756493 3.1847667228362 3.04119581496393 1.02836792688805 1.68392177249226 6.31306571641289 5.00479089453842 2.8228485993297 0.00262548147723178 0.0124288312587061 0.00180415401019553 0.0484864880870524 0.427702820731657 0.120530643708683 0.000751867770330493 0.0166666666666667 6 4069 4565 4410 4616 4305 4032
-795.06724987315 0.264439908125593 2.91266786401209 1.55133634940444 0.971446031905681 6.61124128675687 4.81934000817965 2.85860226811108 0.00243469191156054 0.0124187449034562 0.0016012056161093 0.0494252466660566 0.42119878524139 0.130353707602639 0.00102294012258664 0.0166666666666667 6 4069 4565 4410 4616 4305 4032
-794.989200309058 0.378660199482841 3.01179246448939 1.49603712964773 1.58967372573357 6.27949074009486 4.98974004968831 2.72813221476297 0.00215917967989046 0.0127477237708214 0.000566597796324892 0.0424101576014384 0.471818222234076 0.134400846849945 0.00118902017868651 0.0166666666666667 6 4069 4565 4410 4616 4305 4032
-795.025495216847 0.350671370325461 3.38571838813759 -0.479726783270525 1.2692794948684 6.4516037833897 4.92081525121583 2.58536290998414 0.00244369546621203 0.0125794629085326 0.000163446468928926 0.042611612985455 0.508051519746468 0.138458731286961 0.0015179244119543 0.0166666666666667 6 4069 4565 4410 4616 4305 4032
-795.398795343982 0.389251886998424 3.10004547464419 -0.289855328816177 1.47874423942686 5.95989866526355 4.86178024911593 2.35358332610026 0.00126715379919519 0.0172526341787465 0.000151345729313263 0.0310476764495857 0.472081780922149 0.186945441021781 0.000419032749878979 0.0166666666666667 6 4069 4565 4410 4616 4305 4032
-795.027463466923 0.310716193607576 2.61553631564178 2.10801800156176 1.04892070022699 6.43787185721333 4.64123016834184 2.86591367787654 0.00170568629116323 0.0140206187434859 0.00155534754386558 0.0355118862848024 0.476954227143365 0.157128073067867 0.000512434939858639 0.0166666666666667 6 4069 4565 4410 4616 4305 4032
-962.949548889092 4.47157783527746 3.45839644187835 -1.56490355002199 2.31107432263902 5.8731970563071 5.02928910730757 2.43303391300895 0.00189295262751493 0.0138426788713378 0.00162173676356517 0.0390675666048609 0.449669833580765 0.149304098253682 0.000231538325048723 0.0166666666666667 6 4069 4565 4410 4616 4305 4032
-795.133690632277 0.322588015074814 3.51713205499874 -0.189241124061021 1.94505327910455 6.28196086957649 5.0945917362565 2.61255204391109 0.00242603497237027 0.0119156240330992 0.000119087993520806 0.0433603552187447 0.487568233547059 0.125804274387055 0.000459751506122924 0.0166666666666667 6 4069 4565 4410 4616 4305 4032
-794.807817984267 0.263172972692495 3.27257576060703 -0.0870802537038169 1.21143273538656 6.25763894313107 4.91397924260129 2.5553349553659 0.00245415805936086 0.0128952965461033 0.00176926700158838 0.046636754098252 0.411526208308022 0.139590292468162 0.00100093004711041 0.0166666666666667 6 4069 4565 4410 4616 4305 4032
-794.917434628822 0.248006309581096 2.92545690325352 0.452991518469713 1.25106834243985 6.38548675349574 4.7104673775489 2.65502564620665 0.00202212847565831 0.0129584878078712 0.00143392464036633 0.0409862519877332 0.462597027494287 0.161347387662924 0.00135815565559563 0.0166666666666667 6 4069 4565 4410 4616 4305 4032
-794.439742500044 0.268114729556014 3.19218268908089 0.357220176209716 1.78810052527215 6.20353281335959 4.93047926996019 2.63941642663161 0.00215861584717031 0.0131461416981861 0.00134462454353965 0.0406803242092152 0.47081179753161 0.137883262397062 0.000767709795429947 0.0166666666666667 6 4069 4565 4410 4616 4305 4032
-794.818204565275 0.415367212591745 3.65432922174 -1.71921147845305 1.31301398300901 6.18320810094776 5.0513716930821 2.40310557640618 0.00232183486227499 0.0133645025084435 0.000989067243128803 0.043794931519225 0.478984913218218 0.144737438377739 0.00148477332212618 0.0166666666666667 6 4069 4565 4410 4616 4305 4032
-795.389703387094 0.240054309292648 3.26821023328817 -1.68102352774739 1.20436354782388 6.02078812702346 4.83538520903281 2.26730660041938 0.00152044380077711 0.0164969877764194 0.001879169887935 0.0305686521166835 0.492034608774099 0.189812485103474 0.000678997577629915 0.0166666666666667 6 4069 4565 4410 4616 4305 4032
-982.995545400811 4.26355307797566 3.13082011058036 -0.556604802343999 1.73134579481713 6.13802589188242 4.85607164837353 2.51011396876987 0.00169724772824597 0.0142704151006249 0.000100841060874621 0.0351825945965173 0.484134468254353 0.165637251027145 0.00042062690011596 0.0166666666666667 6 4069 4565 4410 4616 4305 4032
-794.897456257607 0.292221802182008 3.38986409987879 -2.15120494898554 1.56308160697303 6.1002736249779 4.86652995736993 2.39928652229288 0.00186893801749796 0.0144569339551758 0.00135229059097412 0.0387499824491523 0.457424160457981 0.168417529306782 0.00101170373790007 0.0166666666666667 6 4069 4565 4410 4616 4305 4032
-795.094794666246 0.235043134269947 2.86346940698242 1.31390988142046 1.23513540165723 6.23251442872313 4.74992024394592 2.6229899739394 0.00163698686659808 0.0153188840793848 0.00139010886332747 0.0357560459203573 0.493031963143291 0.163288986980783 0.00034665816272045 0.0166666666666667 6 4069 4565 4410 4616 4305 4032
-795.279545327989 0.248723757627102 3.43064423176907 -0.842981710687741 0.974231051858712 6.43714245788488 4.93368825926007 2.56460502648288 0.00253479545335368 0.0130867625463708 5.08416352142387e-05 0.0483893559048794 0.457739387859691 0.140219121538755 0.00101495610228477 0.0166666666666667 6 4069 4565 4410 4616 4305 4032
-795.042044543867 0.19333394901986 2.82300591556889 1.43143049614542 1.159666386141 6.40485111508288 4.78820670168488 2.79547537517101 0.00221114529343 0.0133368193716611 0.00206397861773966 0.0410274200899271 0.46673347016128 0.141676250426504 0.00125560652728272 0.0166666666666667 6 4069 4565 4410 4616 4305 4032
-794.992486658852 0.195459638845364 3.23328909708813 1.11851749490127 1.35306669669765 6.3434454716865 4.98249399371705 2.63452779372397 0.00261796082210891 0.0121575433434128 0.00143037379403064 0.0489485853413416 0.429852728099054 0.127456210153458 0.00102434559391155 0.0166666666666667 6 4069 4565 4410 4616 4305 4032
-794.884327214121 0.297869236328218 3.51649285990989 -0.420505167778419 2.36343614930404 6.24546747017397 5.15771406185041 2.69067141418715 0.00268123689615686 0.0122831448384829 0.00138049324832631 0.0458625853443623 0.475988744634899 0.110142265139039 0.000923976593695862 0.0166666666666667 6 4069 4565 4410 4616 4305 4032
-795.503101201813 0.399687276482127 2.87340623787087 0.817688633249576 0.784047819250673 6.48292168850743 4.7499983795783 2.64026894984211 0.00182903440895224 0.0143999378515172 9.57146981278807e-05 0.0382829713366212 0.494234977569358 0.164198418013513 0.000398212866984717 0.0166666666666667 6 4069 4565 4410 4616 4305 4032
-795.079807232346 0.252820045809127 3.51451771167483 -0.489880843554609 0.921739550817818 6.44982176645634 5.04709403577621 2.64409012793441 0.00292761100021366 0.0122291918768265 0.00126048779041828 0.0492271405332586 0.44573394896597 0.115863468344929 0.00148813370004138 0.0166666666666667 6 4069 4565 4410 4616 4305 4032
-794.938594666771 0.207137489169361 2.77094474505228 1.10571833970374 1.0994674497492 6.29827695739044 4.69720885247236 2.58147773268364 0.00154648608059107 0.0148291766809348 0.00141871556332472 0.0339311989158357 0.473446467456413 0.180386764398342 0.000561091769248566 0.0166666666666667 6 4069 4565 4410 4616 4305 4032
-794.698754036719 0.353021403043187 3.22440270266472 0.00578843759766287 2.03973931997162 6.19250194157473 4.97184260616921 2.59167819494134 0.00209995831097221 0.0130857697450247 0.000758765939970115 0.0400612859067531 0.470828753844451 0.141783765147048 0.000758758182880811 0.0166666666666667 6 4069 4565 4410 4616 4305 4032
-794.909633192286 0.284080567576757 2.80685722668027 1.84872667263833 1.94695516786488 6.13297645128298 4.87393845070474 2.66498944288494 0.00164351084511211 0.013777328944778 0.00175052622133421 0.0367921181870216 0.456942301334223 0.155501518867137 0.000531976010585734 0.0166666666666667 6 4069 4565 4410 4616 4305 4032
-794.735452792244 0.279998248437683 3.12140688250197 0.0199460800442683 1.66026214143605 6.07420269173663 4.92821780971319 2.51774191696225 0.00183792057817655 0.0137364083453143 0.00123799591515377 0.0379677977763927 0.45383980708731 0.163945846656204 0.000707059968646821 0.0166666666666667 6 4069 4565 4410 4616 4305 4032
-795.064336019125 0.0865227333445643 3.78083808350009 -1.90009747429085 2.07647857126738 6.05254555684922 5.15252471076684 2.33805076377027 0.00236436613027451 0.0126430346246398 0.000702432018013532 0.0454197490834411 0.453561872375797 0.139561427564531 0.000511913363818032 0.0166666666666667 6 4069 4565 4410 4616 4305 4032
-795.808033468334 0.0599727231340364 2.69201662039911 1.41662603339477 0.399438950699721 6.70779195966105 4.74051343397648 2.96416874104059 0.00244889897467977 0.0127566937848905 0.000106979484855967 0.0425643668042054 0.495107326465899 0.13094478898754 0.00328721819359639 0.0166666666666667 6 4069 4565 4410 4616 4305 4032
-794.771955960235 0.0718148476311228 3.01968960096147 0.670932756394763 1.2942339985028 6.50442756274717 4.85732133143093 2.82771136903438 0.00237782328965508 0.01300054715429 0.00186861042694594 0.0466120672663888 0.43127212272235 0.125275654213992 0.00118342082693911 0.0166666666666667 6 4069 4565 4410 4616 4305 4032
-1012.4861641964 3.6835493604024 3.24085040526748 1.19283702102962 2.25637488131146 6.19544609212366 5.11205934836837 2.73064968085653 0.00235820961599705 0.0124852107336775 0.00115463994471587 0.0444577823291499 0.472647671304052 0.116302576714143 0.000633014859722009 0.0166666666666667 6 4069 4565 4410 4616 4305 4032
-795.526113966509 0.0880120771648777 2.86205851040064 -0.0412080161529152 1.40832007463842 5.86149727478398 4.6200772622557 2.22441601995544 0.000983149682558836 0.0193963675061263 0.00144550599025013 0.0261513364576771 0.488488198182478 0.231492489279121 0.000171606694318626 0.0166666666666667 6 4069 4565 4410 4616 4305 4032
-794.873499836523 0.0371038057469729 2.81501080334115 1.77529335513936 1.83259523451619 6.17911771377328 4.87562989258131 2.74006191937055 0.00192264996662741 0.0130706886512467 0.00183513638425262 0.0371908828442193 0.470081161361966 0.1454487980187 0.000681997054421592 0.0166666666666667 6 4069 4565 4410 4616 4305 4032
-794.91201631621 0.0693707303762564 3.16004642809432 0.970216827995831 1.2444179357505 6.56372224614681 4.96411659448239 2.82292902471235 0.00255040069311491 0.0121970991544631 0.00097583755348163 0.0468462039015568 0.486769107430722 0.11640993450211 0.00102259824110052 0.0166666666666667 6 4069 4565 4410 4616 4305 4032
-795.232207494399 0.0781917957124912 3.61366123454983 -2.13176186926562 1.36576239286696 6.22755849901211 5.02555558999371 2.52519327975054 0.00279355153166366 0.0129462319793526 5.36775601581256e-05 0.0476986773995365 0.453002677898122 0.130998541708691 0.00116467975713883 0.0166666666666667 6 4069 4565 4410 4616 4305 4032
-795.638455080671 0.0577513699135491 2.61975355096603 1.37303245889127 1.78683270327708 5.95285021026586 4.70408197591822 2.42567907557389 0.00101238848850588 0.0192560513758038 0.00113893462724721 0.0272741816066362 0.491836778782985 0.199715715803862 0.000130147986533385 0.0166666666666667 6 4069 4565 4410 4616 4305 4032
-807.205828980241 0.04408952229809 2.73775194235091 0.322372022324461 -1.59142767814551 6.80675261618841 4.20030583159955 2.60295713559333 0.00224139228887853 0.0132861928649306 0.00421890322003455 0.0549718468479462 0.101499429206681 0.200126712346154 0.00547616225742391 0.0166666666666667 6 4069 4565 4410 4616 4305 4032
-795.074266777112 0.102034722383351 2.69342621091233 1.42982689657835 1.5953504495481 6.18492808748168 4.83768940423231 2.78275613601139 0.00185919172679736 0.0138003536108913 0.00081310881555982 0.0385726566394083 0.492000974550134 0.15212883075471 0.000745082183582685 0.0166666666666667 6 4069 4565 4410 4616 4305 4032
-794.938163538861 0.0702777657203719 3.76015870201865 -1.93331115515483 2.47957428207386 6.02169944140254 5.18589158334156 2.42429494572661 0.00226423722579566 0.0124954626567071 0.00103039386582161 0.0427662164028502 0.454641795754278 0.133933870333522 0.000614186574296298 0.0166666666666667 6 4069 4565 4410 4616 4305 4032
-795.42737948209 0.0478023813795577 3.31259234397182 0.686625274656745 0.896199434921507 6.73295245108117 4.85399860066365 2.85713286318442 0.00287284111013876 0.0117469830923516 0.000600891402302104 0.0465917453814112 0.464063033828597 0.114057359481224 0.00238586840246233 0.0166666666666667 6 4069 4565 4410 4616 4305 4032
-795.066370618852 0.0608779141227546 2.73684875568186 1.97849404192586 1.60144803269601 6.16985816164024 4.8352041116995 2.70706063420574 0.00168754906382461 0.0133182178495267 0.00114452840382954 0.0334286088939283 0.486906780698813 0.159682796832247 0.000365821178349579 0.0166666666666667 6 4069 4565 4410 4616 4305 4032
-794.851210621765 0.0540994094281164 3.89059858015465 -3.59365166062637 2.13617235800869 6.09629337908785 5.18656422569125 2.42391169193655 0.00264323421232241 0.0128586328090794 0.00150672135060644 0.0444947103211767 0.459503899375842 0.123592952202841 0.00194141426969635 0.0166666666666667 6 4069 4565 4410 4616 4305 4032
-794.789937362376 0.0631510194364312 3.25234867890798 0.406209717940545 1.55369290868104 6.37693317230357 4.93747915069499 2.6564129995967 0.00237955519007066 0.0120733358904815 0.000496055319790729 0.0448492084309916 0.478345518371411 0.138184167970693 0.00105473496880318 0.0166666666666667 6 4069 4565 4410 4616 4305 4032
-797.49927438145 0.102030119161302 3.65390573964515 -4.46709799256747 1.04905296317443 5.46877748401883 4.80269722943273 1.71679611430221 0.000216767313566643 0.0916875794021515 0.00135626213877097 0.0112291455678058 0.513950008521397 0.249896281622507 0.000221755841973019 0.0166666666666667 6 4069 4565 4410 4616 4305 4032
-794.776571163964 0.0730792153936963 3.55578761001514 -0.379893670561069 1.93854304386285 6.24264704398006 5.08081922807421 2.55495204746965 0.00268209675678777 0.0120875156323225 0.00086895535340039 0.0494735905157671 0.444277191043226 0.123379623355231 0.000788686766841765 0.0166666666666667 6 4069 4565 4410 4616 4305 4032
-795.02298686995 0.0606337832782096 3.17122694381763 0.756079536314009 1.97613645290997 6.1377652916176 4.97631121593126 2.65852575223698 0.0021325097360167 0.0124590525576398 0.000741809770419264 0.0386403793874806 0.517619234691301 0.144905770926464 0.00043344160677809 0.0166666666666667 6 4069 4565 4410 4616 4305 4032
-795.196985475415 0.0569020143823085 2.50414906502348 2.23240942542947 1.43789203022998 6.30581160619587 4.66183081142582 2.6925772094348 0.00153451943782212 0.0140751506594093 0.00195877522820404 0.034669550223352 0.45747056922462 0.173823060222547 0.000589928416449341 0.0166666666666667 6 4069 4565 4410 4616 4305 4032
-794.559913302563 0.0318878823824918 3.11258155327282 0.425956544451195 1.67095697078568 6.19038712714667 4.93093489227207 2.6203029935044 0.00206872842985794 0.0135383850316952 0.00136908137303135 0.0407571493678267 0.471187151458735 0.141139794548446 0.000552870146305704 0.0166666666666667 6 4069 4565 4410 4616 4305 4032
-1010.24916091004 7.13352547262544 2.53899066060393 1.89327103390532 1.31188554874003 6.29683945822252 4.57805887199353 2.633845020856 0.00138545949542034 0.0150736340071835 0.00113777934045888 0.0339575276028567 0.476646954413491 0.187481245256246 0.000342604229949655 0.0166666666666667 6 4069 4565 4410 4616 4305 4032
-794.938257884331 0.0674911985919807 2.87494351490599 1.85516979269829 1.48874923767302 6.43121081012606 4.86755643061572 2.75752361189638 0.00193962093591624 0.0128361927773755 0.000678122202355284 0.0386455545130955 0.476241791303017 0.139592042304008 0.000769123280955639 0.0166666666666667 6 4069 4565 4410 4616 4305 4032
-795.618586294016 0.0596122220481269 2.54490330191306 1.99787099797419 0.705022334713867 6.31542410881742 4.61320816459923 2.57249216692041 0.00131030274081892 0.0172678700228136 0.00203586704732463 0.030680625818331 0.477308426149638 0.184608668726187 0.000854893764630272 0.0166666666666667 6 4069 4565 4410 4616 4305 4032
-794.780356758415 0.0777250721784759 3.62106140695068 -0.768869092069125 1.9780265173684 6.07851223735295 5.13272573531467 2.46337222809833 0.00220517889506317 0.0134940389372353 0.00160951268490185 0.0418983567090765 0.480250166804301 0.131507196907812 0.000767485872401385 0.0166666666666667 6 4069 4565 4410 4616 4305 4032
-796.687912375271 0.0669167219842551 2.6530785315338 0.781508694239674 0.93433399755389 5.88156353940711 4.46370183155764 2.24417333421713 0.00036501364581637 0.0500447824871783 0.00444711105800505 0.0151529497033788 0.512317217916439 0.237564150971799 0.000115997448047904 0.0166666666666667 6 4069 4565 4410 4616 4305 4032
-794.808127506639 0.0824084750718803 2.88354041722108 0.9128897813368 1.29875376036962 6.30324929847162 4.86559363506109 2.666459731553 0.00204090654903936 0.0134288268067145 0.000211275123501208 0.0395479110825954 0.480845247468765 0.151426844745462 0.00132751052673612 0.0166666666666667 6 4069 4565 4410 4616 4305 4032
-796.280891482223 0.0581249499399252 3.27802388489521 -0.520435774030219 -0.342382004721006 6.74557618496663 4.78949492078042 2.69071772046732 0.00261199466830579 0.0135397397852421 0.000816154779044388 0.0468086304813174 0.446673041520594 0.127284180866869 0.0056768757551452 0.0166666666666667 6 4069 4565 4410 4616 4305 4032
-799.107675916017 0.0584341561968788 2.45560334923425 2.62821591499414 1.80568397150613 5.98589256655373 4.5169823029007 2.52824275969144 0.000648424593579492 0.0183156464752153 0.00127889207811774 0.00177335598217357 0.604928722536476 0.238080687485323 0.00017376446583956 0.0166666666666667 6 4069 4565 4410 4616 4305 4032
-795.017343023407 0.0899160026767781 3.76563566333704 -2.91405226204899 2.03998121910307 6.07524084122681 4.96194214175745 2.28560591312738 0.00206938823267697 0.0134069031603398 0.000361552765932669 0.039134329702998 0.469895467249797 0.157897009543529 0.000770088481584867 0.0166666666666667 6 4069 4565 4410 4616 4305 4032
-794.676968697218 0.0490486079054478 2.99332329488513 1.25235110750251 1.58284889659141 6.20898670736405 4.88370389675114 2.69917135910888 0.00206979801981004 0.0128888262096356 0.00159383200860175 0.0406362618616996 0.463960916199047 0.149364537746767 0.000760341689520782 0.0166666666666667 6 4069 4565 4410 4616 4305 4032
-795.042833664172 0.0652360656381114 3.19323155849767 -0.214115522210489 1.91718311286608 6.14264090952776 4.91910132946224 2.68953887182029 0.00255430436408001 0.0125044453791118 0.00141172782265585 0.0450885836937784 0.466568361755909 0.132258841666536 0.000588111063685002 0.0166666666666667 6 4069 4565 4410 4616 4305 4032
-795.184141715927 0.0645359749173655 2.79736404359033 0.737009139218362 1.28593755427226 6.17260967085591 4.78381806814086 2.69415904454607 0.00192332960691591 0.0143542089798179 0.000362599346939392 0.0356360077232918 0.495461041548809 0.157554327081146 0.00089725660033698 0.0166666666666667 6 4069 4565 4410 4616 4305 4032
-795.17556798893 0.0550260718624261 2.64294186710093 1.99472008243466 1.47765365238762 6.4003213872825 4.76572822348727 2.9054635613799 0.00191760840876676 0.0138601691196928 0.00215091489347956 0.0390407832512448 0.447346075624455 0.136052953778542 0.000336411738940589 0.0166666666666667 6 4069 4565 4410 4616 4305 4032
-969.882504908863 3.48814017409844 3.20879440166044 0.523460367495263 1.6672687098674 6.22176878618779 4.93482212849395 2.54214365356598 0.00175123940368461 0.0144658909555656 0.000127828104339394 0.0371522874806679 0.494441940260343 0.151257278399779 0.00076216884408179 0.0166666666666667 6 4069 4565 4410 4616 4305 4032
-794.855419344325 0.0823337268599131 2.99314034840323 0.817351643301716 0.868347630527679 6.41686913253654 4.74828741998986 2.65072521984096 0.00202101217250929 0.0136346465572649 0.00116105031775889 0.0392340959267198 0.463769203851746 0.157976340625628 0.000869653236548262 0.0166666666666667 6 4069 4565 4410 4616 4305 4032
-794.998161284222 0.0656843160105887 3.4063588931162 -1.69111769429504 1.44769576014822 6.06579096844376 4.93756651844352 2.37683338448332 0.00169935613138736 0.0156008689144267 0.000742726566498927 0.0350033523174767 0.481859078490517 0.165990693792159 0.00108889411773023 0.0166666666666667 6 4069 4565 4410 4616 4305 4032
-795.294315826717 0.0552129076840565 3.50527609579977 -2.065704611029 1.44709297184364 6.02037915205273 4.87556890480632 2.298978432775 0.00172724820541032 0.0157478935638152 0.00230032781783546 0.035320106809182 0.434056150367122 0.167801800871919 0.000441828376485336 0.0166666666666667 6 4069 4565 4410 4616 4305 4032
-794.591058369603 0.0416630725860155 3.20803028915363 0.54809471533193 1.82046535056925 6.2200455434348 5.03375163247493 2.6483178914849 0.00232853022599836 0.0122913603773802 0.00132124216029325 0.0438721501704326 0.457091447965168 0.132244087754584 0.0008507594669531 0.0166666666666667 6 4069 4565 4410 4616 4305 4032
-794.717735128486 0.0994836920700728 3.01665434723985 0.396796898954687 1.05852546934805 6.49560286542547 4.78642121092778 2.73407304736837 0.00232817551233729 0.0128772305325969 0.0016218440744123 0.0445673030933145 0.447651195732976 0.142782576417906 0.00127946939493166 0.0166666666666667 6 4069 4565 4410 4616 4305 4032
-794.626450224992 0.0584711741472493 3.38929059387123 -0.285771274680991 1.37868765721592 6.39840757139028 4.949602669213 2.63170438791089 0.00248522019198471 0.0128566302778345 0.00156294252116522 0.0452766341034319 0.432530838049473 0.124658746877524 0.000858090318399392 0.0166666666666667 6 4069 4565 4410 4616 4305 4032
-794.65715539636 0.0543581925081768 3.2025284866873 0.349718947068142 2.0241747433354 6.16982234396355 4.99446526767568 2.60278979956438 0.00212140486885542 0.0130217595537916 0.00189955420670734 0.0431918579827152 0.440104254007867 0.135683697591583 0.000420996519342385 0.0166666666666667 6 4069 4565 4410 4616 4305 4032
-795.415857450536 0.0731253838290636 2.68109953870154 2.00667655766321 1.49949078731031 6.1478626698887 4.80628265012396 2.65631414003185 0.00158043020149968 0.0141292279824794 0.00157119579041888 0.0367746071600432 0.469838305402641 0.161490786898346 0.000201992709003827 0.0166666666666667 6 4069 4565 4410 4616 4305 4032
-807.218220600134 0.0446061142496394 2.50325584353787 1.19427069256893 1.03413899273593 6.53798948084831 4.2390345348294 2.87315137935279 0.0022593592807915 0.0124402263680503 0.0042525059180956 0.0563768218196456 0.00110941754232384 0.177129660662504 0.000445404112937787 0.0166666666666667 6 4069 4565 4410 4616 4305 4032
-795.566503026346 0.0666531962409346 2.55655504668652 1.74937611553649 0.340763070656058 6.52880647886713 4.5574388758698 2.85535055746899 0.00179559671922849 0.0144866130117976 0.00196392505760288 0.0356597027787389 0.46611152357225 0.161193136843572 0.000780183008584251 0.0166666666666667 6 4069 4565 4410 4616 4305 4032
-794.936891589648 0.044057063387521 2.91664543458 1.71939151764265 1.6950455324642 6.43546422067033 4.86198488010202 2.84621304939948 0.00199170930130148 0.012329150293764 0.00169855290345823 0.0403177960517694 0.460717307452966 0.13143946471031 0.000793248328066709 0.0166666666666667 6 4069 4565 4410 4616 4305 4032
-850.211757830937 0.244304926768818 3.84410713202633 3.83550349270921 5.43432700028887 5.14828018921505 7.77557629163848 3.29355075668889 0.00345995149219691 0.0115599893698095 0.00352430646749976 0.00676076897568726 0.761152885440412 0.0110155254422142 0.000929755556713038 0.0166666666666667 6 4069 4565 4410 4616 4305 4032
-795.929098924875 0.0531917489009862 2.60626379839101 2.34835986078254 0.6451564397448 6.61175489437367 4.65836919816443 2.74086532048131 0.00176962005722366 0.014032734718493 0.000573596466261113 0.0381047139331496 0.504606674503671 0.162968887136192 0.000927391488360616 0.0166666666666667 6 4069 4565 4410 4616 4305 4032
-794.988034788837 0.0777646947847641 2.97775515622587 0.749514711461911 1.80832206822268 6.38047209191341 4.76894434812126 2.76024185093985 0.00199238691495719 0.0132501142250766 0.000349673954772224 0.0417644444053014 0.476228350022514 0.143979542320398 0.000553220661225987 0.0166666666666667 6 4069 4565 4410 4616 4305 4032
-794.944892554172 0.0558432463243509 2.79223883788427 1.43694921143683 1.30034209190179 6.38584948353306 4.69740127829603 2.93444892477344 0.00210480676850992 0.012741639440957 0.00188529298987352 0.0405742823557356 0.457239773173758 0.144472173763821 0.000800046624603946 0.0166666666666667 6 4069 4565 4410 4616 4305 4032
-807.414632873743 0.0579311668381133 2.64220207835019 1.66029682043586 1.46580385231116 6.26697280102443 4.43373110180472 2.71514111609406 0.00210833040454898 0.0125021061233597 0.00439123322201388 0.0547790126697397 0.000462240753368773 0.177409159247016 0.00038032462791333 0.0166666666666667 6 4069 4565 4410 4616 4305 4032
-794.747601167365 0.048695313740882 3.11425879430711 1.18505772834 1.64713293205577 6.3051462056621 4.93418388995694 2.63819125486627 0.00217574844663377 0.0125274141389931 0.0010123295711652 0.0418370508551198 0.459475277693059 0.145895465215726 0.00069732142675291 0.0166666666666667 6 4069 4565 4410 4616 4305 4032
-795.614342807824 0.0650250232050022 3.1859411032666 1.4694773175472 1.46000377977292 6.46915918793636 4.77524423230571 2.68901920678987 0.00205107993161287 0.0129605888004677 0.000640629475095502 0.0423168917372605 0.483543738752496 0.141638468010443 0.00110288453710369 0.0166666666666667 6 4069 4565 4410 4616 4305 4032
-795.070034404207 0.0433794166731922 3.35981014349801 -0.23291759143687 1.18054017078191 6.39122760590799 4.98043530103348 2.69421489079077 0.00267683829678838 0.0121121245937926 0.00103073030393928 0.045454401065674 0.471485422652088 0.128027720161303 0.000616490136784225 0.0166666666666667 6 4069 4565 4410 4616 4305 4032
-795.061346252226 0.0620260930088671 2.96801049216728 2.01516240511272 1.79957979251803 6.38272716138217 4.85700101917774 2.81024914422333 0.00190425756000509 0.0127492777378994 0.00101307964774695 0.0359421198817063 0.514848177300985 0.136095423584382 0.000443408490446965 0.0166666666666667 6 4069 4565 4410 4616 4305 4032
-794.969329377452 0.0672833156045216 3.28984540171323 -0.0652930087418494 2.07517551890419 6.20624675011958 5.0313024680259 2.71139094189892 0.00254520750782291 0.0127030123991765 0.000484520264085807 0.042474662322589 0.48118415779784 0.117912898518374 0.00117810191990064 0.0166666666666667 6 4069 4565 4410 4616 4305 4032
-798.550792163245 0.0948087097489115 2.67819462390953 -1.60887911941718 -0.637493008728099 5.8667210800961 4.23516847664882 1.95350290180038 0.00030758958161347 0.054164172841595 0.00076784695833887 0.0137540881999782 0.509753920932822 0.349118825203335 0.000672615569248763 0.0166666666666667 6 4069 4565 4410 4616 4305 4032
-965.268002287848 1.16980003533119 4.47018501789189 2.56318561506754 3.50126368676813 7.29514280549804 7.22232255406978 4.54201654278122 0.00997858554943082 0.0156204776502425 0.00767176918359318 0.0276846168805247 0.718376120429114 0.907983844865082 0.0016581114329514 0.0166666666666667 6 4069 4565 4410 4616 4305 4032
-795.054541184994 0.0527119327584694 3.14171272935458 0.717730452632989 1.17996723658255 6.52792018800193 5.01222184036051 2.82066578550656 0.00259576351699209 0.0128013970802199 0.000540021924179954 0.0491571583507014 0.458530492625279 0.113574846385935 0.00135575734174263 0.0166666666666667 6 4069 4565 4410 4616 4305 4032
-796.556105150681 0.0520676042898047 2.4510304251882 0.709700179739931 0.326125520520778 6.19078574666032 4.23144105011022 2.3498622167179 0.000521079114839041 0.0333191433465254 0.00199260227039623 0.0185306898810516 0.504562911886151 0.266161134192858 0.00034274453597338 0.0166666666666667 6 4069 4565 4410 4616 4305 4032
-794.70611975284 0.0655484348500855 3.64874138362053 -1.82637246027309 1.7050037060088 6.1686135430503 5.06459158798036 2.44487871971417 0.00249283974747963 0.0132836523719065 0.000989208470914379 0.0443468220693315 0.472680835807156 0.130909915279171 0.00100079670032857 0.0166666666666667 6 4069 4565 4410 4616 4305 4032
-794.904864567132 0.0603868882315397 3.40052693860376 -0.640995595826013 1.10736684286506 6.32239028735142 4.95642820962426 2.47446738514102 0.0020729187242222 0.0136305752708994 0.000908631264505816 0.0388249260926995 0.485759116208722 0.14965830668022 0.00123625572289812 0.0166666666666667 6 4069 4565 4410 4616 4305 4032
-794.802664513873 0.0531548320943104 2.92221512171693 1.54421140361541 1.58861324220546 6.28884417170304 4.93452220934296 2.73558113288802 0.00224242649571234 0.0121301635713561 0.000902291400385902 0.0432061059690377 0.469710385624033 0.141378769287229 0.000598024571569456 0.0166666666666667 6 4069 4565 4410 4616 4305 4032
-795.306569889747 0.0705739059973676 3.44032223478013 -0.670486837020444 2.08111223018511 5.90532387139843 5.18938073662164 2.44255103853862 0.00224091986953414 0.0127645374852277 0.000663659808224435 0.0371349890173591 0.492070991761284 0.142544480520331 0.00103956912216812 0.0166666666666667 6 4069 4565 4410 4616 4305 4032
-795.659485165504 0.0611585597395729 3.86497327406161 -3.55325790295375 1.14259435851746 6.08523868928302 4.99438142483248 2.17964745295684 0.00224104146280746 0.0141039864688233 0.00066132099948652 0.0403576720831943 0.458334871790438 0.161455923587604 0.00259431641245443 0.0166666666666667 6 4069 4565 4410 4616 4305 4032
-796.365271056428 0.0856814000798296 2.85644576371581 1.16661988831964 -0.42465934999036 6.93463735602982 4.57781176215272 2.84088395593413 0.00253310624923679 0.0127632572401054 0.000189935413743259 0.0475831709959125 0.473110611869927 0.144592856990883 0.0020064232099174 0.0166666666666667 6 4069 4565 4410 4616 4305 4032
-795.500153715604 0.0610992313936132 3.45701892736588 -2.97220768287643 1.57997143471719 5.90060701452785 4.93245582907079 2.30181808609 0.00186841651146739 0.0141205064572881 0.00111449170481078 0.0369806701481076 0.479902305694156 0.180078213032954 0.00168338741626364 0.0166666666666667 6 4069 4565 4410 4616 4305 4032
-796.515747008141 0.0517632428314707 3.20921385743105 -3.07004949912475 0.696081007115323 6.15533206594098 4.56037841568102 2.25239308034343 0.000926132563875638 0.0242115611269721 0.00266898895439278 0.0254512370983068 0.461446744894592 0.207250823709159 0.00127324983215407 0.0166666666666667 6 4069 4565 4410 4616 4305 4032
-795.070330324411 0.0977438740516555 2.77799170994124 1.50868595913632 0.609388416596489 6.58879842315343 4.77806682942908 2.76415162937945 0.00224694012892876 0.0131579467329283 0.0012526649760561 0.0424505924668466 0.451941997903689 0.140652349168171 0.00146550714252559 0.0166666666666667 6 4069 4565 4410 4616 4305 4032
-795.381973235685 0.0937085087589591 3.00621826336263 0.60532161021141 0.89067119973517 6.44874027669509 4.74152832158694 2.69651412325462 0.00203558245558461 0.0131927883170869 0.000452575224750807 0.0406118480251714 0.466111287284255 0.163541157786785 0.00131772104025475 0.0166666666666667 6 4069 4565 4410 4616 4305 4032
-794.874058413544 0.0606313116487878 2.9466249112055 1.28093106769167 1.43693634802693 6.34496988153386 4.94718425136121 2.74919863427252 0.00217492780510917 0.0134097675464617 0.00125924881201233 0.040016416642815 0.489473933445822 0.133336598599788 0.00133001072860559 0.0166666666666667 6 4069 4565 4410 4616 4305 4032
-795.053085612996 0.0554061545538924 3.30395106943425 -0.891283511240828 1.48457693770411 6.11146066983871 4.85304457041784 2.3031959240331 0.00165294635923613 0.0151900749617821 0.00137309442892324 0.0346617572896137 0.464465319339246 0.172007288700717 0.000951907109243219 0.0166666666666667 6 4069 4565 4410 4616 4305 4032
-794.561130065875 0.08460574629403 3.55785016327378 -1.0655809027664 1.63053602888039 6.33874295670825 5.06019099213814 2.57654544558201 0.00264595876156646 0.0122956269859825 0.00132866377217744 0.0455994308480103 0.458424839349207 0.120664958414122 0.00144418506582239 0.0166666666666667 6 4069 4565 4410 4616 4305 4032
-794.856282677651 0.0893208765985503 3.25297227229112 0.453858876236242 1.69387799462131 6.27537800827766 4.9491785166215 2.66339365275772 0.00230366681553065 0.0129109265210917 0.000403187975860658 0.0460062785775137 0.459323863863604 0.133248644661374 0.000497656749339529 0.0166666666666667 6 4069 4565 4410 4616 4305 4032
-794.758431119879 0.0733975073447363 2.97239699588884 1.23610723072668 1.71429888977984 6.09820987988187 4.8742322641891 2.56188407066623 0.00164627316402697 0.0145363276222136 0.00197875450198542 0.0358058509299597 0.475398956769014 0.157601116497556 0.000607180264932156 0.0166666666666667 6 4069 4565 4410 4616 4305 4032
-794.752381035998 0.0700102394152624 3.35378740746851 0.076964170035836 1.59415427656808 6.25194952862972 5.06254027053925 2.52463033809574 0.00252605344951653 0.0128167512321056 0.000774751895564028 0.0467876031307845 0.455704672146913 0.133070340857966 0.00149010641801756 0.0166666666666667 6 4069 4565 4410 4616 4305 4032
-795.009874928928 0.0949397326740162 2.74861082731136 1.54486041902039 1.29600523379123 6.2530429570909 4.77089624588771 2.66693735774603 0.00192381545571814 0.013698574880549 0.00107463552685639 0.0370555810457672 0.481199704003851 0.158543045622269 0.000790381433575201 0.0166666666666667 6 4069 4565 4410 4616 4305 4032
-795.100825161178 0.0707190590107916 3.02737164810335 1.31012137015101 0.97804885919685 6.6253379179318 4.79087758211009 2.80301852467965 0.00248314634351397 0.0125055579370006 0.000846864270155484 0.0441778368456155 0.481799760342527 0.128181896815627 0.000596379895895211 0.0166666666666667 6 4069 4565 4410 4616 4305 4032
-795.26406212037 0.0666399634705386 3.01795308495893 -0.447973441506882 1.07841026349422 6.20515532954165 4.72499187790029 2.41091703050843 0.00137390838941406 0.0165882502681779 0.00148257642570044 0.0326671700353613 0.48454534276537 0.188486410782946 0.00107762822835226 0.0166666666666667 6 4069 4565 4410 4616 4305 4032
-794.860396196704 0.0549784824706455 3.07686192442498 1.41235081448368 1.53524839924999 6.420291325421 5.01054383835957 2.77850324092534 0.00245836252335951 0.0116550654081248 0.00118583247397344 0.0442686028167119 0.477273886449032 0.125851395541895 0.000859116733183092 0.0166666666666667 6 4069 4565 4410 4616 4305 4032
-795.028688863414 0.057231013662921 3.24953465307497 0.396705612392902 2.15062181888726 6.22051092336685 5.09336379682769 2.65695890297528 0.00231587453048322 0.0129669551802581 0.000299049642581158 0.0455672449807135 0.476765629625652 0.122149693731033 0.000819443458868898 0.0166666666666667 6 4069 4565 4410 4616 4305 4032
-795.332275620318 0.0582154707027761 3.08279013678724 -0.743737461939696 0.961519260046029 6.04350235445632 4.77159664053761 2.30821284837091 0.00141054258193587 0.0170502808811434 0.00221141687583069 0.033499523140199 0.456146779157145 0.192236428626968 0.00109195534363114 0.0166666666666667 6 4069 4565 4410 4616 4305 4032
-794.951285457741 0.0503267289799245 2.87388982227188 1.08898538805245 1.06474114738367 6.4747098822845 4.89004034717637 2.82132329701051 0.00228047779403397 0.0133282824370166 0.00147620560480171 0.0430587930668701 0.460763245428518 0.128858014825918 0.00184698072112344 0.0166666666666667 6 4069 4565 4410 4616 4305 4032
-795.051486469919 0.0794434010974881 3.96544717637613 -3.44944364545894 1.93903504347108 6.13045514804027 5.25123368948948 2.29850645050881 0.00259384010841586 0.0128365645471315 0.00118562063753765 0.044982818391824 0.463789758317541 0.132385264888582 0.00137028393722792 0.0166666666666667 6 4069 4565 4410 4616 4305 4032
-794.635584399537 0.0687049049364656 3.27646593638629 -0.128201543281905 1.37308260576204 6.41180955541731 4.92147244924372 2.63887168755212 0.00221266472873792 0.0129244449789098 0.00145539782789333 0.0403757252017066 0.473031806193711 0.137886600704629 0.00149700086388849 0.0166666666666667 6 4069 4565 4410 4616 4305 4032
-794.793767354205 0.0850704870613696 2.94320346630789 1.24521234550131 1.40157109758518 6.22548517197691 4.9351124531535 2.65518812459634 0.00190341317209257 0.0134971371233159 0.00112174725940887 0.0372264689924031 0.495719189139034 0.151411312470439 0.000916961948224416 0.0166666666666667 6 4069 4565 4410 4616 4305 4032
-795.191386002688 0.0747278312559252 3.16770733586251 1.27524818527236 0.79437355368385 6.6846616043393 4.87037925806149 2.7601877281939 0.00257564106319374 0.0120331453014652 0.00106093385907353 0.0470107634722824 0.468652406273194 0.124829938574898 0.0020973037252478 0.0166666666666667 6 4069 4565 4410 4616 4305 4032
-794.854732237406 0.062823909592934 2.81398295896963 1.67269978035249 0.955378940745071 6.47678319710215 4.73812238063473 2.73748029067726 0.00198159651654104 0.0132882552116482 0.0014305280398806 0.0405259315871752 0.473308316486589 0.151572364732793 0.00101652098471978 0.0166666666666667 6 4069 4565 4410 4616 4305 4032
-795.628139950681 0.087586386167463 2.44435538968595 2.5726605755304 0.817279113787317 6.65952128171113 4.62589969930035 3.03488703525995 0.00197594587520461 0.0129164178273395 0.000606099713995634 0.0371086712192482 0.52168331996197 0.145837607393874 0.000862114222933107 0.0166666666666667 6 4069 4565 4410 4616 4305 4032
-795.078924305117 0.0751888339713151 3.14682410259588 0.94967884949734 1.19406292109741 6.39651128292729 4.8402278557941 2.6032873374752 0.00230985426142042 0.0129085944998201 0.000967771105169667 0.0417478421390833 0.483003330203776 0.14373738544786 0.000573664691865212 0.0166666666666667 6 4069 4565 4410 4616 4305 4032
-795.173552237469 0.0487685996170569 2.64827976361888 1.75753363633653 2.01402853013495 6.08763626697489 4.8319137368566 2.69191645588153 0.00165091497331801 0.01424373492458 0.00161997113249307 0.0371829938989371 0.464462379516051 0.157813070132358 0.000226088205226008 0.0166666666666667 6 4069 4565 4410 4616 4305 4032
-971.337841394634 5.72104746341626 3.65901351180383 -2.16166576404979 1.71414410294069 6.2682929121909 5.06945091756506 2.46611837549525 0.00253818391774423 0.013445332188763 0.000551371688094382 0.0450848720218204 0.453041178838532 0.127357612628684 0.00145798245130224 0.0166666666666667 6 4069 4565 4410 4616 4305 4032
-795.254156992486 0.0436290463169174 3.11511211443138 -0.29402492929231 1.46193865441162 6.13419004981955 4.71539448111126 2.44947194479441 0.00146552421671153 0.0156878904002894 0.00139716356497424 0.0294801147648085 0.511102039030491 0.179641500786421 0.000710624454971422 0.0166666666666667 6 4069 4565 4410 4616 4305 4032
-794.951378544352 0.0768839238546366 2.7932761935622 1.55699231684926 1.25222040217283 6.39796947349824 4.77007550284092 2.81705087143416 0.0018425008063901 0.0133796897219148 0.000741078768669759 0.0383411355642608 0.475288531899848 0.152815329004975 0.000645632489289628 0.0166666666666667 6 4069 4565 4410 4616 4305 4032
-794.972147327868 0.0530430485759087 3.59258806891076 -1.02804047675958 1.7760940296686 6.0822588460966 5.08735165827236 2.2914247967477 0.00206906466471872 0.0140775041426162 0.00162229504610265 0.0388279051194863 0.450751116076899 0.137844025732255 0.000931906287439191 0.0166666666666667 6 4069 4565 4410 4616 4305 4032
-794.87780438442 0.0665577364772952 2.91878787024629 1.64587641158786 1.42931258863508 6.57958440054828 4.89560022153143 2.95537426417028 0.00254841690639153 0.0123523284352949 0.000975346322386887 0.0462431473025764 0.470381837320595 0.112540847911568 0.000942056038257822 0.0166666666666667 6 4069 4565 4410 4616 4305 4032
-794.548335184354 0.0544078330798018 3.13295592754938 0.743048514547626 1.49654886504604 6.37634900491998 4.84341673078778 2.76339062370524 0.00226731481726363 0.0124378059265308 0.0012251942681947 0.0443325567996337 0.46250571251097 0.138171780883439 0.00111064416837774 0.0166666666666667 6 4069 4565 4410 4616 4305 4032
-796.920517747806 0.0747159829736886 2.4158193476953 0.123597520788072 1.12758757047556 5.70985341812911 4.37172057549909 2.19487618265216 0.000175523901955011 0.0851305620435029 0.00168673352647512 0.0100814955943479 0.548213317556524 0.296889136733719 7.91870969305955e-05 0.0166666666666667 6 4069 4565 4410 4616 4305 4032
-795.0133307666 0.064086794500426 3.27360098349826 0.30412975390655 1.71177811788853 6.07763959202884 4.88802351670528 2.51941463547973 0.00194325989183412 0.0131774652631198 0.00170154247030571 0.0424464635911539 0.432012812706438 0.158610091956732 0.000584868227416267 0.0166666666666667 6 4069 4565 4410 4616 4305 4032
-794.815139753064 0.0916209461687216 3.20825268395548 0.232328979856468 1.47228453365172 6.08374265606776 4.99705833369711 2.42087735744285 0.00190964114871826 0.0134811828386999 0.00128701713793569 0.0395782040019651 0.472172748013323 0.160262137664534 0.000741217299220035 0.0166666666666667 6 4069 4565 4410 4616 4305 4032
-794.649821554454 0.186564134484456 3.0417717786295 0.714539277316393 1.70372303841807 6.20751034461831 4.87975171093153 2.66976921264402 0.0020213232427378 0.0127596757500369 0.00168473506780243 0.0403241603508266 0.467486212800891 0.152911937667112 0.000539274984313692 0.0166666666666667 6 4069 4565 4410 4616 4305 4032
-795.086836718064 0.26336391647527 3.27725310447724 0.454682952006131 1.73390558503529 6.1404955091047 4.94990017501867 2.51049090796012 0.00184964623987459 0.0136392364789738 0.00138957701986422 0.0365591777298778 0.480482289038211 0.15957441249139 0.00053109420219103 0.0166666666666667 6 4069 4565 4410 4616 4305 4032
-794.733090619781 0.305960425947282 3.0744258194791 0.684519987906971 1.95146048305601 6.11959471198451 4.97988950105925 2.60359271607516 0.00194962594470787 0.0135468747119016 0.00117002714767127 0.0391183624371714 0.458251057031303 0.139031443949903 0.000795952941365956 0.0166666666666667 6 4069 4565 4410 4616 4305 4032
-794.735943411983 0.202983164988963 3.4182762368681 -1.2655108959691 1.96401795683946 6.04833889871792 4.97804274440165 2.42285045963676 0.00192297179495386 0.0143674406700995 0.00122795856388651 0.0378386947159465 0.464293401635123 0.149355134584877 0.000508548716724717 0.0166666666666667 6 4069 4565 4410 4616 4305 4032
-795.200751246279 0.211814414164154 2.91854453714443 1.32854267236466 0.951856430595506 6.55892306278282 4.76577360086072 2.71543018835403 0.00196959751587592 0.0140401640182362 0.00075099570073941 0.0352089762500881 0.511263346836817 0.138625323614218 0.000960170785617882 0.0166666666666667 6 4069 4565 4410 4616 4305 4032
-794.912667600997 0.209367954300235 3.4471270615826 -0.77525554018351 1.80083871510655 6.27100571909419 5.09611516066847 2.55823760448654 0.00223377482966914 0.013363950542646 0.00135868502410577 0.0407268296812267 0.461464261225372 0.126741139966357 0.00140071332800602 0.0166666666666667 6 4069 4565 4410 4616 4305 4032
-794.445716453216 0.259508230083365 3.36912278450441 -0.694594457862679 1.62675588975469 6.20378296485189 4.94248509082535 2.53113755980255 0.00230471123041836 0.0126462954050317 0.0013811882056745 0.0428443712310174 0.456043797194898 0.147737432307186 0.000688057837183607 0.0166666666666667 6 4069 4565 4410 4616 4305 4032
-795.442033781477 0.326201754179784 3.41441920033905 -0.140345914230904 1.14011571924624 6.56004426164779 4.96365649884838 2.65030092109395 0.00278463655199943 0.0119196354313112 4.49127899523064e-05 0.0500646910289962 0.48804348545486 0.120429573952435 0.00115408864351307 0.0166666666666667 6 4069 4565 4410 4616 4305 4032
-794.964297479456 0.290363681389365 3.43647258155342 -1.04546264088817 2.08193977828699 5.89445371544668 5.04727068802703 2.36994393068892 0.00184092088363055 0.0145848783048727 0.00161409098576209 0.0372241734494714 0.47212177155223 0.159317808975238 0.000418106425932406 0.0166666666666667 6 4069 4565 4410 4616 4305 4032
-794.792833568631 0.254662505415013 2.95467978618471 1.35460332777334 1.86400149258888 6.06116330565094 4.98746179446863 2.64226491751791 0.00191826117012894 0.0134121458599049 0.00157888409806762 0.0392045561265162 0.474881233516856 0.146750662299778 0.000467204957408399 0.0166666666666667 6 4069 4565 4410 4616 4305 4032
-795.018907868619 0.22388984416024 2.59338317420813 2.02152277363531 1.70111602118794 6.18334710486506 4.68141284506323 2.75580689045557 0.00146552966413737 0.0148003788476106 0.00192107824860547 0.0338009531149497 0.463293461580584 0.168917415718415 0.00032136947376693 0.0166666666666667 6 4069 4565 4410 4616 4305 4032
-795.541950065641 0.272247563754028 2.7955677550795 2.13177008981631 1.54848732366379 6.2696089165845 4.78265734286066 2.76583090038187 0.00163655700543036 0.0133532503757952 0.000107354726352528 0.035732098481704 0.516229915053741 0.16148242751552 0.000252162878337048 0.0166666666666667 6 4069 4565 4410 4616 4305 4032
-942.657290853535 2.05191933720781 3.79977917996477 -3.89591557053064 2.02993437521046 5.96874555348815 5.10227971052024 2.26345679601258 0.00228678056574254 0.0138784418201144 0.00150320971241631 0.043644785125015 0.446343273206843 0.143381849521009 0.00103201933593589 0.0166666666666667 6 4069 4565 4410 4616 4305 4032
-794.855865564342 0.332809303269525 3.19511482626737 0.312955351179046 1.12933814232398 6.42565507626453 4.85451323237926 2.58738995380383 0.00205573802090654 0.0134410759743214 0.00100027414144803 0.0406712897442551 0.490583816440066 0.147083312873265 0.00106206485574706 0.0166666666666667 6 4069 4565 4410 4616 4305 4032
-1026.68998756493 3.1847667228362 3.04119581496393 1.02836792688805 1.68392177249226 6.31306571641289 5.00479089453842 2.8228485993297 0.00262548147723178 0.0124288312587061 0.00180415401019553 0.0484864880870524 0.427702820731657 0.120530643708683 0.000751867770330493 0.0166666666666667 6 4069 4565 4410 4616 4305 4032
-795.06724987315 0.264439908125593 2.91266786401209 1.55133634940444 0.971446031905681 6.61124128675687 4.81934000817965 2.85860226811108 0.00243469191156054 0.0124187449034562 0.0016012056161093 0.0494252466660566 0.42119878524139 0.130353707602639 0.00102294012258664 0.0166666666666667 6 4069 4565 4410 4616 4305 4032
-794.989200309058 0.378660199482841 3.01179246448939 1.49603712964773 1.58967372573357 6.27949074009486 4.98974004968831 2.72813221476297 0.00215917967989046 0.0127477237708214 0.000566597796324892 0.0424101576014384 0.471818222234076 0.134400846849945 0.00118902017868651 0.0166666666666667 6 4069 4565 4410 4616 4305 4032
-795.025495216847 0.350671370325461 3.38571838813759 -0.479726783270525 1.2692794948684 6.4516037833897 4.92081525121583 2.58536290998414 0.00244369546621203 0.0125794629085326 0.000163446468928926 0.042611612985455 0.508051519746468 0.138458731286961 0.0015179244119543 0.0166666666666667 6 4069 4565 4410 4616 4305 4032
-795.398795343982 0.389251886998424 3.10004547464419 -0.289855328816177 1.47874423942686 5.95989866526355 4.86178024911593 2.35358332610026 0.00126715379919519 0.0172526341787465 0.000151345729313263 0.0310476764495857 0.472081780922149 0.186945441021781 0.000419032749878979 0.0166666666666667 6 4069 4565 4410 4616 4305 4032
-795.027463466923 0.310716193607576 2.61553631564178 2.10801800156176 1.04892070022699 6.43787185721333 4.64123016834184 2.86591367787654 0.00170568629116323 0.0140206187434859 0.00155534754386558 0.0355118862848024 0.476954227143365 0.157128073067867 0.000512434939858639 0.0166666666666667 6 4069 4565 4410 4616 4305 4032
-962.949548889092 4.47157783527746 3.45839644187835 -1.56490355002199 2.31107432263902 5.8731970563071 5.02928910730757 2.43303391300895 0.00189295262751493 0.0138426788713378 0.00162173676356517 0.0390675666048609 0.449669833580765 0.149304098253682 0.000231538325048723 0.0166666666666667 6 4069 4565 4410 4616 4305 4032
-795.133690632277 0.322588015074814 3.51713205499874 -0.189241124061021 1.94505327910455 6.28196086957649 5.0945917362565 2.61255204391109 0.00242603497237027 0.0119156240330992 0.000119087993520806 0.0433603552187447 0.487568233547059 0.125804274387055 0.000459751506122924 0.0166666666666667 6 4069 4565 4410 4616 4305 4032
-794.807817984267 0.263172972692495 3.27257576060703 -0.0870802537038169 1.21143273538656 6.25763894313107 4.91397924260129 2.5553349553659 0.00245415805936086 0.0128952965461033 0.00176926700158838 0.046636754098252 0.411526208308022 0.139590292468162 0.00100093004711041 0.0166666666666667 6 4069 4565 4410 4616 4305 4032
-794.917434628822 0.248006309581096 2.92545690325352 0.452991518469713 1.25106834243985 6.38548675349574 4.7104673775489 2.65502564620665 0.00202212847565831 0.0129584878078712 0.00143392464036633 0.0409862519877332 0.462597027494287 0.161347387662924 0.00135815565559563 0.0166666666666667 6 4069 4565 4410 4616 4305 4032
-794.439742500044 0.268114729556014 3.19218268908089 0.357220176209716 1.78810052527215 6.20353281335959 4.93047926996019 2.63941642663161 0.00215861584717031 0.0131461416981861 0.00134462454353965 0.0406803242092152 0.47081179753161 0.137883262397062 0.000767709795429947 0.0166666666666667 6 4069 4565 4410 4616 4305 4032
-794.818204565275 0.415367212591745 3.65432922174 -1.71921147845305 1.31301398300901 6.18320810094776 5.0513716930821 2.40310557640618 0.00232183486227499 0.0133645025084435 0.000989067243128803 0.043794931519225 0.478984913218218 0.144737438377739 0.00148477332212618 0.0166666666666667 6 4069 4565 4410 4616 4305 4032
-795.389703387094 0.240054309292648 3.26821023328817 -1.68102352774739 1.20436354782388 6.02078812702346 4.83538520903281 2.26730660041938 0.00152044380077711 0.0164969877764194 0.001879169887935 0.0305686521166835 0.492034608774099 0.189812485103474 0.000678997577629915 0.0166666666666667 6 4069 4565 4410 4616 4305 4032
-982.995545400811 4.26355307797566 3.13082011058036 -0.556604802343999 1.73134579481713 6.13802589188242 4.85607164837353 2.51011396876987 0.00169724772824597 0.0142704151006249 0.000100841060874621 0.0351825945965173 0.484134468254353 0.165637251027145 0.00042062690011596 0.0166666666666667 6 4069 4565 4410 4616 4305 4032
-794.897456257607 0.292221802182008 3.38986409987879 -2.15120494898554 1.56308160697303 6.1002736249779 4.86652995736993 2.39928652229288 0.00186893801749796 0.0144569339551758 0.00135229059097412 0.0387499824491523 0.457424160457981 0.168417529306782 0.00101170373790007 0.0166666666666667 6 4069 4565 4410 4616 4305 4032
-795.094794666246 0.235043134269947 2.86346940698242 1.31390988142046 1.23513540165723 6.23251442872313 4.74992024394592 2.6229899739394 0.00163698686659808 0.0153188840793848 0.00139010886332747 0.0357560459203573 0.493031963143291 0.163288986980783 0.00034665816272045 0.0166666666666667 6 4069 4565 4410 4616 4305 4032
-795.279545327989 0.248723757627102 3.43064423176907 -0.842981710687741 0.974231051858712 6.43714245788488 4.93368825926007 2.56460502648288 0.00253479545335368 0.0130867625463708 5.08416352142387e-05 0.0483893559048794 0.457739387859691 0.140219121538755 0.00101495610228477 0.0166666666666667 6 4069 4565 4410 4616 4305 4032
-795.042044543867 0.19333394901986 2.82300591556889 1.43143049614542 1.159666386141 6.40485111508288 4.78820670168488 2.79547537517101 0.00221114529343 0.0133368193716611 0.00206397861773966 0.0410274200899271 0.46673347016128 0.141676250426504 0.00125560652728272 0.0166666666666667 6 4069 4565 4410 4616 4305 4032
-794.992486658852 0.195459638845364 3.23328909708813 1.11851749490127 1.35306669669765 6.3434454716865 4.98249399371705 2.63452779372397 0.00261796082210891 0.0121575433434128 0.00143037379403064 0.0489485853413416 0.429852728099054 0.127456210153458 0.00102434559391155 0.0166666666666667 6 4069 4565 4410 4616 4305 4032
-794.884327214121 0.297869236328218 3.51649285990989 -0.420505167778419 2.36343614930404 6.24546747017397 5.15771406185041 2.69067141418715 0.00268123689615686 0.0122831448384829 0.00138049324832631 0.0458625853443623 0.475988744634899 0.110142265139039 0.000923976593695862 0.0166666666666667 6 4069 4565 4410 4616 4305 4032
-795.503101201813 0.399687276482127 2.87340623787087 0.817688633249576 0.784047819250673 6.48292168850743 4.7499983795783 2.64026894984211 0.00182903440895224 0.0143999378515172 9.57146981278807e-05 0.0382829713366212 0.494234977569358 0.164198418013513 0.000398212866984717 0.0166666666666667 6 4069 4565 4410 4616 4305 4032
-795.079807232346 0.252820045809127 3.51451771167483 -0.489880843554609 0.921739550817818 6.44982176645634 5.04709403577621 2.64409012793441 0.00292761100021366 0.0122291918768265 0.00126048779041828 0.0492271405332586 0.44573394896597 0.115863468344929 0.00148813370004138 0.0166666666666667 6 4069 4565 4410 4616 4305 4032
-794.938594666771 0.207137489169361 2.77094474505228 1.10571833970374 1.0994674497492 6.29827695739044 4.69720885247236 2.58147773268364 0.00154648608059107 0.0148291766809348 0.00141871556332472 0.0339311989158357 0.473446467456413 0.180386764398342 0.000561091769248566 0.0166666666666667 6 4069 4565 4410 4616 4305 4032
-794.698754036719 0.353021403043187 3.22440270266472 0.00578843759766287 2.03973931997162 6.19250194157473 4.97184260616921 2.59167819494134 0.00209995831097221 0.0130857697450247 0.000758765939970115 0.0400612859067531 0.470828753844451 0.141783765147048 0.000758758182880811 0.0166666666666667 6 4069 4565 4410 4616 4305 4032
-794.909633192286 0.284080567576757 2.80685722668027 1.84872667263833 1.94695516786488 6.13297645128298 4.87393845070474 2.66498944288494 0.00164351084511211 0.013777328944778 0.00175052622133421 0.0367921181870216 0.456942301334223 0.155501518867137 0.000531976010585734 0.0166666666666667 6 4069 4565 4410 4616 4305 4032
-794.735452792244 0.279998248437683 3.12140688250197 0.0199460800442683 1.66026214143605 6.07420269173663 4.92821780971319 2.51774191696225 0.00183792057817655 0.0137364083453143 0.00123799591515377 0.0379677977763927 0.45383980708731 0.163945846656204 0.000707059968646821 0.0166666666666667 6 4069 4565 4410 4616 4305 4032
-795.064336019125 0.0865227333445643 3.78083808350009 -1.90009747429085 2.07647857126738 6.05254555684922 5.15252471076684 2.33805076377027 0.00236436613027451 0.0126430346246398 0.000702432018013532 0.0454197490834411 0.453561872375797 0.139561427564531 0.000511913363818032 0.0166666666666667 6 4069 4565 4410 4616 4305 4032
-795.808033468334 0.0599727231340364 2.69201662039911 1.41662603339477 0.399438950699721 6.70779195966105 4.74051343397648 2.96416874104059 0.00244889897467977 0.0127566937848905 0.000106979484855967 0.0425643668042054 0.495107326465899 0.13094478898754 0.00328721819359639 0.0166666666666667 6 4069 4565 4410 4616 4305 4032
-794.771955960235 0.0718148476311228 3.01968960096147 0.670932756394763 1.2942339985028 6.50442756274717 4.85732133143093 2.82771136903438 0.00237782328965508 0.01300054715429 0.00186861042694594 0.0466120672663888 0.43127212272235 0.125275654213992 0.00118342082693911 0.0166666666666667 6 4069 4565 4410 4616 4305 4032
-1012.4861641964 3.6835493604024 3.24085040526748 1.19283702102962 2.25637488131146 6.19544609212366 5.11205934836837 2.73064968085653 0.00235820961599705 0.0124852107336775 0.00115463994471587 0.0444577823291499 0.472647671304052 0.116302576714143 0.000633014859722009 0.0166666666666667 6 4069 4565 4410 4616 4305 4032
-795.526113966509 0.0880120771648777 2.86205851040064 -0.0412080161529152 1.40832007463842 5.86149727478398 4.6200772622557 2.22441601995544 0.000983149682558836 0.0193963675061263 0.00144550599025013 0.0261513364576771 0.488488198182478 0.231492489279121 0.000171606694318626 0.0166666666666667 6 4069 4565 4410 4616 4305 4032
-794.873499836523 0.0371038057469729 2.81501080334115 1.77529335513936 1.83259523451619 6.17911771377328 4.87562989258131 2.74006191937055 0.00192264996662741 0.0130706886512467 0.00183513638425262 0.0371908828442193 0.470081161361966 0.1454487980187 0.000681997054421592 0.0166666666666667 6 4069 4565 4410 4616 4305 4032
-794.91201631621 0.0693707303762564 3.16004642809432 0.970216827995831 1.2444179357505 6.56372224614681 4.96411659448239 2.82292902471235 0.00255040069311491 0.0121970991544631 0.00097583755348163 0.0468462039015568 0.486769107430722 0.11640993450211 0.00102259824110052 0.0166666666666667 6 4069 4565 4410 4616 4305 4032
-795.232207494399 0.0781917957124912 3.61366123454983 -2.13176186926562 1.36576239286696 6.22755849901211 5.02555558999371 2.52519327975054 0.00279355153166366 0.0129462319793526 5.36775601581256e-05 0.0476986773995365 0.453002677898122 0.130998541708691 0.00116467975713883 0.0166666666666667 6 4069 4565 4410 4616 4305 4032
-795.638455080671 0.0577513699135491 2.61975355096603 1.37303245889127 1.78683270327708 5.95285021026586 4.70408197591822 2.42567907557389 0.00101238848850588 0.0192560513758038 0.00113893462724721 0.0272741816066362 0.491836778782985 0.199715715803862 0.000130147986533385 0.0166666666666667 6 4069 4565 4410 4616 4305 4032
-807.205828980241 0.04408952229809 2.73775194235091 0.322372022324461 -1.59142767814551 6.80675261618841 4.20030583159955 2.60295713559333 0.00224139228887853 0.0132861928649306 0.00421890322003455 0.0549718468479462 0.101499429206681 0.200126712346154 0.00547616225742391 0.0166666666666667 6 4069 4565 4410 4616 4305 4032
-795.074266777112 0.102034722383351 2.69342621091233 1.42982689657835 1.5953504495481 6.18492808748168 4.83768940423231 2.78275613601139 0.00185919172679736 0.0138003536108913 0.00081310881555982 0.0385726566394083 0.492000974550134 0.15212883075471 0.000745082183582685 0.0166666666666667 6 4069 4565 4410 4616 4305 4032
-794.938163538861 0.0702777657203719 3.76015870201865 -1.93331115515483 2.47957428207386 6.02169944140254 5.18589158334156 2.42429494572661 0.00226423722579566 0.0124954626567071 0.00103039386582161 0.0427662164028502 0.454641795754278 0.133933870333522 0.000614186574296298 0.0166666666666667 6 4069 4565 4410 4616 4305 4032
-795.42737948209 0.0478023813795577 3.31259234397182 0.686625274656745 0.896199434921507 6.73295245108117 4.85399860066365 2.85713286318442 0.00287284111013876 0.0117469830923516 0.000600891402302104 0.0465917453814112 0.464063033828597 0.114057359481224 0.00238586840246233 0.0166666666666667 6 4069 4565 4410 4616 4305 4032
-795.066370618852 0.0608779141227546 2.73684875568186 1.97849404192586 1.60144803269601 6.16985816164024 4.8352041116995 2.70706063420574 0.00168754906382461 0.0133182178495267 0.00114452840382954 0.0334286088939283 0.486906780698813 0.159682796832247 0.000365821178349579 0.0166666666666667 6 4069 4565 4410 4616 4305 4032
-794.851210621765 0.0540994094281164 3.89059858015465 -3.59365166062637 2.13617235800869 6.09629337908785 5.18656422569125 2.42391169193655 0.00264323421232241 0.0128586328090794 0.00150672135060644 0.0444947103211767 0.459503899375842 0.123592952202841 0.00194141426969635 0.0166666666666667 6 4069 4565 4410 4616 4305 4032
-794.789937362376 0.0631510194364312 3.25234867890798 0.406209717940545 1.55369290868104 6.37693317230357 4.93747915069499 2.6564129995967 0.00237955519007066 0.0120733358904815 0.000496055319790729 0.0448492084309916 0.478345518371411 0.138184167970693 0.00105473496880318 0.0166666666666667 6 4069 4565 4410 4616 4305 4032
-797.49927438145 0.102030119161302 3.65390573964515 -4.46709799256747 1.04905296317443 5.46877748401883 4.80269722943273 1.71679611430221 0.000216767313566643 0.0916875794021515 0.00135626213877097 0.0112291455678058 0.513950008521397 0.249896281622507 0.000221755841973019 0.0166666666666667 6 4069 4565 4410 4616 4305 4032
-794.776571163964 0.0730792153936963 3.55578761001514 -0.379893670561069 1.93854304386285 6.24264704398006 5.08081922807421 2.55495204746965 0.00268209675678777 0.0120875156323225 0.00086895535340039 0.0494735905157671 0.444277191043226 0.123379623355231 0.000788686766841765 0.0166666666666667 6 4069 4565 4410 4616 4305 4032
-795.02298686995 0.0606337832782096 3.17122694381763 0.756079536314009 1.97613645290997 6.1377652916176 4.97631121593126 2.65852575223698 0.0021325097360167 0.0124590525576398 0.000741809770419264 0.0386403793874806 0.517619234691301 0.144905770926464 0.00043344160677809 0.0166666666666667 6 4069 4565 4410 4616 4305 4032
-795.196985475415 0.0569020143823085 2.50414906502348 2.23240942542947 1.43789203022998 6.30581160619587 4.66183081142582 2.6925772094348 0.00153451943782212 0.0140751506594093 0.00195877522820404 0.034669550223352 0.45747056922462 0.173823060222547 0.000589928416449341 0.0166666666666667 6 4069 4565 4410 4616 4305 4032
-794.559913302563 0.0318878823824918 3.11258155327282 0.425956544451195 1.67095697078568 6.19038712714667 4.93093489227207 2.6203029935044 0.00206872842985794 0.0135383850316952 0.00136908137303135 0.0407571493678267 0.471187151458735 0.141139794548446 0.000552870146305704 0.0166666666666667 6 4069 4565 4410 4616 4305 4032
-1010.24916091004 7.13352547262544 2.53899066060393 1.89327103390532 1.31188554874003 6.29683945822252 4.57805887199353 2.633845020856 0.00138545949542034 0.0150736340071835 0.00113777934045888 0.0339575276028567 0.476646954413491 0.187481245256246 0.000342604229949655 0.0166666666666667 6 4069 4565 4410 4616 4305 4032
-794.938257884331 0.0674911985919807 2.87494351490599 1.85516979269829 1.48874923767302 6.43121081012606 4.86755643061572 2.75752361189638 0.00193962093591624 0.0128361927773755 0.000678122202355284 0.0386455545130955 0.476241791303017 0.139592042304008 0.000769123280955639 0.0166666666666667 6 4069 4565 4410 4616 4305 4032
-795.618586294016 0.0596122220481269 2.54490330191306 1.99787099797419 0.705022334713867 6.31542410881742 4.61320816459923 2.57249216692041 0.00131030274081892 0.0172678700228136 0.00203586704732463 0.030680625818331 0.477308426149638 0.184608668726187 0.000854893764630272 0.0166666666666667 6 4069 4565 4410 4616 4305 4032
-794.780356758415 0.0777250721784759 3.62106140695068 -0.768869092069125 1.9780265173684 6.07851223735295 5.13272573531467 2.46337222809833 0.00220517889506317 0.0134940389372353 0.00160951268490185 0.0418983567090765 0.480250166804301 0.131507196907812 0.000767485872401385 0.0166666666666667 6 4069 4565 4410 4616 4305 4032
-796.687912375271 0.0669167219842551 2.6530785315338 0.781508694239674 0.93433399755389 5.88156353940711 4.46370183155764 2.24417333421713 0.00036501364581637 0.0500447824871783 0.00444711105800505 0.0151529497033788 0.512317217916439 0.237564150971799 0.000115997448047904 0.0166666666666667 6 4069 4565 4410 4616 4305 4032
-794.808127506639 0.0824084750718803 2.88354041722108 0.9128897813368 1.29875376036962 6.30324929847162 4.86559363506109 2.666459731553 0.00204090654903936 0.0134288268067145 0.000211275123501208 0.0395479110825954 0.480845247468765 0.151426844745462 0.00132751052673612 0.0166666666666667 6 4069 4565 4410 4616 4305 4032
-796.280891482223 0.0581249499399252 3.27802388489521 -0.520435774030219 -0.342382004721006 6.74557618496663 4.78949492078042 2.69071772046732 0.00261199466830579 0.0135397397852421 0.000816154779044388 0.0468086304813174 0.446673041520594 0.127284180866869 0.0056768757551452 0.0166666666666667 6 4069 4565 4410 4616 4305 4032
-799.107675916017 0.0584341561968788 2.45560334923425 2.62821591499414 1.80568397150613 5.98589256655373 4.5169823029007 2.52824275969144 0.000648424593579492 0.0183156464752153 0.00127889207811774 0.00177335598217357 0.604928722536476 0.238080687485323 0.00017376446583956 0.0166666666666667 6 4069 4565 4410 4616 4305 4032
-795.017343023407 0.0899160026767781 3.76563566333704 -2.91405226204899 2.03998121910307 6.07524084122681 4.96194214175745 2.28560591312738 0.00206938823267697 0.0134069031603398 0.000361552765932669 0.039134329702998 0.469895467249797 0.157897009543529 0.000770088481584867 0.0166666666666667 6 4069 4565 4410 4616 4305 4032
-794.676968697218 0.0490486079054478 2.99332329488513 1.25235110750251 1.58284889659141 6.20898670736405 4.88370389675114 2.69917135910888 0.00206979801981004 0.0128888262096356 0.00159383200860175 0.0406362618616996 0.463960916199047 0.149364537746767 0.000760341689520782 0.0166666666666667 6 4069 4565 4410 4616 4305 4032
-795.042833664172 0.0652360656381114 3.19323155849767 -0.214115522210489 1.91718311286608 6.14264090952776 4.91910132946224 2.68953887182029 0.00255430436408001 0.0125044453791118 0.00141172782265585 0.0450885836937784 0.466568361755909 0.132258841666536 0.000588111063685002 0.0166666666666667 6 4069 4565 4410 4616 4305 4032
-795.184141715927 0.0645359749173655 2.79736404359033 0.737009139218362 1.28593755427226 6.17260967085591 4.78381806814086 2.69415904454607 0.00192332960691591 0.0143542089798179 0.000362599346939392 0.0356360077232918 0.495461041548809 0.157554327081146 0.00089725660033698 0.0166666666666667 6 4069 4565 4410 4616 4305 4032
-795.17556798893 0.0550260718624261 2.64294186710093 1.99472008243466 1.47765365238762 6.4003213872825 4.76572822348727 2.9054635613799 0.00191760840876676 0.0138601691196928 0.00215091489347956 0.0390407832512448 0.447346075624455 0.136052953778542 0.000336411738940589 0.0166666666666667 6 4069 4565 4410 4616 4305 4032
-969.882504908863 3.48814017409844 3.20879440166044 0.523460367495263 1.6672687098674 6.22176878618779 4.93482212849395 2.54214365356598 0.00175123940368461 0.0144658909555656 0.000127828104339394 0.0371522874806679 0.494441940260343 0.151257278399779 0.00076216884408179 0.0166666666666667 6 4069 4565 4410 4616 4305 4032
-794.855419344325 0.0823337268599131 2.99314034840323 0.817351643301716 0.868347630527679 6.41686913253654 4.74828741998986 2.65072521984096 0.00202101217250929 0.0136346465572649 0.00116105031775889 0.0392340959267198 0.463769203851746 0.157976340625628 0.000869653236548262 0.0166666666666667 6 4069 4565 4410 4616 4305 4032
-794.998161284222 0.0656843160105887 3.4063588931162 -1.69111769429504 1.44769576014822 6.06579096844376 4.93756651844352 2.37683338448332 0.00169935613138736 0.0156008689144267 0.000742726566498927 0.0350033523174767 0.481859078490517 0.165990693792159 0.00108889411773023 0.0166666666666667 6 4069 4565 4410 4616 4305 4032
-795.294315826717 0.0552129076840565 3.50527609579977 -2.065704611029 1.44709297184364 6.02037915205273 4.87556890480632 2.298978432775 0.00172724820541032 0.0157478935638152 0.00230032781783546 0.035320106809182 0.434056150367122 0.167801800871919 0.000441828376485336 0.0166666666666667 6 4069 4565 4410 4616 4305 4032
-794.591058369603 0.0416630725860155 3.20803028915363 0.54809471533193 1.82046535056925 6.2200455434348 5.03375163247493 2.6483178914849 0.00232853022599836 0.0122913603773802 0.00132124216029325 0.0438721501704326 0.457091447965168 0.132244087754584 0.0008507594669531 0.0166666666666667 6 4069 4565 4410 4616 4305 4032
-794.717735128486 0.0994836920700728 3.01665434723985 0.396796898954687 1.05852546934805 6.49560286542547 4.78642121092778 2.73407304736837 0.00232817551233729 0.0128772305325969 0.0016218440744123 0.0445673030933145 0.447651195732976 0.142782576417906 0.00127946939493166 0.0166666666666667 6 4069 4565 4410 4616 4305 4032
-794.626450224992 0.0584711741472493 3.38929059387123 -0.285771274680991 1.37868765721592 6.39840757139028 4.949602669213 2.63170438791089 0.00248522019198471 0.0128566302778345 0.00156294252116522 0.0452766341034319 0.432530838049473 0.124658746877524 0.000858090318399392 0.0166666666666667 6 4069 4565 4410 4616 4305 4032
-794.65715539636 0.0543581925081768 3.2025284866873 0.349718947068142 2.0241747433354 6.16982234396355 4.99446526767568 2.60278979956438 0.00212140486885542 0.0130217595537916 0.00189955420670734 0.0431918579827152 0.440104254007867 0.135683697591583 0.000420996519342385 0.0166666666666667 6 4069 4565 4410 4616 4305 4032
-795.415857450536 0.0731253838290636 2.68109953870154 2.00667655766321 1.49949078731031 6.1478626698887 4.80628265012396 2.65631414003185 0.00158043020149968 0.0141292279824794 0.00157119579041888 0.0367746071600432 0.469838305402641 0.161490786898346 0.000201992709003827 0.0166666666666667 6 4069 4565 4410 4616 4305 4032
-807.218220600134 0.0446061142496394 2.50325584353787 1.19427069256893 1.03413899273593 6.53798948084831 4.2390345348294 2.87315137935279 0.0022593592807915 0.0124402263680503 0.0042525059180956 0.0563768218196456 0.00110941754232384 0.177129660662504 0.000445404112937787 0.0166666666666667 6 4069 4565 4410 4616 4305 4032
-795.566503026346 0.0666531962409346 2.55655504668652 1.74937611553649 0.340763070656058 6.52880647886713 4.5574388758698 2.85535055746899 0.00179559671922849 0.0144866130117976 0.00196392505760288 0.0356597027787389 0.46611152357225 0.161193136843572 0.000780183008584251 0.0166666666666667 6 4069 4565 4410 4616 4305 4032
-794.936891589648 0.044057063387521 2.91664543458 1.71939151764265 1.6950455324642 6.43546422067033 4.86198488010202 2.84621304939948 0.00199170930130148 0.012329150293764 0.00169855290345823 0.0403177960517694 0.460717307452966 0.13143946471031 0.000793248328066709 0.0166666666666667 6 4069 4565 4410 4616 4305 4032
-850.211757830937 0.244304926768818 3.84410713202633 3.83550349270921 5.43432700028887 5.14828018921505 7.77557629163848 3.29355075668889 0.00345995149219691 0.0115599893698095 0.00352430646749976 0.00676076897568726 0.761152885440412 0.0110155254422142 0.000929755556713038 0.0166666666666667 6 4069 4565 4410 4616 4305 4032
-795.929098924875 0.0531917489009862 2.60626379839101 2.34835986078254 0.6451564397448 6.61175489437367 4.65836919816443 2.74086532048131 0.00176962005722366 0.014032734718493 0.000573596466261113 0.0381047139331496 0.504606674503671 0.162968887136192 0.000927391488360616 0.0166666666666667 6 4069 4565 4410 4616 4305 4032
-794.988034788837 0.0777646947847641 2.97775515622587 0.749514711461911 1.80832206822268 6.38047209191341 4.76894434812126 2.76024185093985 0.00199238691495719 0.0132501142250766 0.000349673954772224 0.0417644444053014 0.476228350022514 0.143979542320398 0.000553220661225987 0.0166666666666667 6 4069 4565 4410 4616 4305 4032
-794.944892554172 0.0558432463243509 2.79223883788427 1.43694921143683 1.30034209190179 6.38584948353306 4.69740127829603 2.93444892477344 0.00210480676850992 0.012741639440957 0.00188529298987352 0.0405742823557356 0.457239773173758 0.144472173763821 0.000800046624603946 0.0166666666666667 6 4069 4565 4410 4616 4305 4032
-807.414632873743 0.0579311668381133 2.64220207835019 1.66029682043586 1.46580385231116 6.26697280102443 4.43373110180472 2.71514111609406 0.00210833040454898 0.0125021061233597 0.00439123322201388 0.0547790126697397 0.000462240753368773 0.177409159247016 0.00038032462791333 0.0166666666666667 6 4069 4565 4410 4616 4305 4032
-794.747601167365 0.048695313740882 3.11425879430711 1.18505772834 1.64713293205577 6.3051462056621 4.93418388995694 2.63819125486627 0.00217574844663377 0.0125274141389931 0.0010123295711652 0.0418370508551198 0.459475277693059 0.145895465215726 0.00069732142675291 0.0166666666666667 6 4069 4565 4410 4616 4305 4032
-795.614342807824 0.0650250232050022 3.1859411032666 1.4694773175472 1.46000377977292 6.46915918793636 4.77524423230571 2.68901920678987 0.00205107993161287 0.0129605888004677 0.000640629475095502 0.0423168917372605 0.483543738752496 0.141638468010443 0.00110288453710369 0.0166666666666667 6 4069 4565 4410 4616 4305 4032
-795.070034404207 0.0433794166731922 3.35981014349801 -0.23291759143687 1.18054017078191 6.39122760590799 4.98043530103348 2.69421489079077 0.00267683829678838 0.0121121245937926 0.00103073030393928 0.045454401065674 0.471485422652088 0.128027720161303 0.000616490136784225 0.0166666666666667 6 4069 4565 4410 4616 4305 4032
-795.061346252226 0.0620260930088671 2.96801049216728 2.01516240511272 1.79957979251803 6.38272716138217 4.85700101917774 2.81024914422333 0.00190425756000509 0.0127492777378994 0.00101307964774695 0.0359421198817063 0.514848177300985 0.136095423584382 0.000443408490446965 0.0166666666666667 6 4069 4565 4410 4616 4305 4032
-794.969329377452 0.0672833156045216 3.28984540171323 -0.0652930087418494 2.07517551890419 6.20624675011958 5.0313024680259 2.71139094189892 0.00254520750782291 0.0127030123991765 0.000484520264085807 0.042474662322589 0.48118415779784 0.117912898518374 0.00117810191990064 0.0166666666666667 6 4069 4565 4410 4616 4305 4032
-798.550792163245 0.0948087097489115 2.67819462390953 -1.60887911941718 -0.637493008728099 5.8667210800961 4.23516847664882 1.95350290180038 0.00030758958161347 0.054164172841595 0.00076784695833887 0.0137540881999782 0.509753920932822 0.349118825203335 0.000672615569248763 0.0166666666666667 6 4069 4565 4410 4616 4305 4032
-965.268002287848 1.16980003533119 4.47018501789189 2.56318561506754 3.50126368676813 7.29514280549804 7.22232255406978 4.54201654278122 0.00997858554943082 0.0156204776502425 0.00767176918359318 0.0276846168805247 0.718376120429114 0.907983844865082 0.0016581114329514 0.0166666666666667 6 4069 4565 4410 4616 4305 4032
-795.054541184994 0.0527119327584694 3.14171272935458 0.717730452632989 1.17996723658255 6.52792018800193 5.01222184036051 2.82066578550656 0.00259576351699209 0.0128013970802199 0.000540021924179954 0.0491571583507014 0.458530492625279 0.113574846385935 0.00135575734174263 0.0166666666666667 6 4069 4565 4410 4616 4305 4032
-796.556105150681 0.0520676042898047 2.4510304251882 0.709700179739931 0.326125520520778 6.19078574666032 4.23144105011022 2.3498622167179 0.000521079114839041 0.0333191433465254 0.00199260227039623 0.0185306898810516 0.504562911886151 0.266161134192858 0.00034274453597338 0.0166666666666667 6 4069 4565 4410 4616 4305 4032
-794.70611975284 0.0655484348500855 3.64874138362053 -1.82637246027309 1.7050037060088 6.1686135430503 5.06459158798036 2.44487871971417 0.00249283974747963 0.0132836523719065 0.000989208470914379 0.0443468220693315 0.472680835807156 0.130909915279171 0.00100079670032857 0.0166666666666667 6 4069 4565 4410 4616 4305 4032
-794.904864567132 0.0603868882315397 3.40052693860376 -0.640995595826013 1.10736684286506 6.32239028735142 4.95642820962426 2.47446738514102 0.0020729187242222 0.0136305752708994 0.000908631264505816 0.0388249260926995 0.485759116208722 0.14965830668022 0.00123625572289812 0.0166666666666667 6 4069 4565 4410 4616 4305 4032
-794.802664513873 0.0531548320943104 2.92221512171693 1.54421140361541 1.58861324220546 6.28884417170304 4.93452220934296 2.73558113288802 0.00224242649571234 0.0121301635713561 0.000902291400385902 0.0432061059690377 0.469710385624033 0.141378769287229 0.000598024571569456 0.0166666666666667 6 4069 4565 4410 4616 4305 4032
-795.306569889747 0.0705739059973676 3.44032223478013 -0.670486837020444 2.08111223018511 5.90532387139843 5.18938073662164 2.44255103853862 0.00224091986953414 0.0127645374852277 0.000663659808224435 0.0371349890173591 0.492070991761284 0.142544480520331 0.00103956912216812 0.0166666666666667 6 4069 4565 4410 4616 4305 4032
-795.659485165504 0.0611585597395729 3.86497327406161 -3.55325790295375 1.14259435851746 6.08523868928302 4.99438142483248 2.17964745295684 0.00224104146280746 0.0141039864688233 0.00066132099948652 0.0403576720831943 0.458334871790438 0.161455923587604 0.00259431641245443 0.0166666666666667 6 4069 4565 4410 4616 4305 4032
-796.365271056428 0.0856814000798296 2.85644576371581 1.16661988831964 -0.42465934999036 6.93463735602982 4.57781176215272 2.84088395593413 0.00253310624923679 0.0127632572401054 0.000189935413743259 0.0475831709959125 0.473110611869927 0.144592856990883 0.0020064232099174 0.0166666666666667 6 4069 4565 4410 4616 4305 4032
-795.500153715604 0.0610992313936132 3.45701892736588 -2.97220768287643 1.57997143471719 5.90060701452785 4.93245582907079 2.30181808609 0.00186841651146739 0.0141205064572881 0.00111449170481078 0.0369806701481076 0.479902305694156 0.180078213032954 0.00168338741626364 0.0166666666666667 6 4069 4565 4410 4616 4305 4032
-796.515747008141 0.0517632428314707 3.20921385743105 -3.07004949912475 0.696081007115323 6.15533206594098 4.56037841568102 2.25239308034343 0.000926132563875638 0.0242115611269721 0.00266898895439278 0.0254512370983068 0.461446744894592 0.207250823709159 0.00127324983215407 0.0166666666666667 6 4069 4565 4410 4616 4305 4032
-795.070330324411 0.0977438740516555 2.77799170994124 1.50868595913632 0.609388416596489 6.58879842315343 4.77806682942908 2.76415162937945 0.00224694012892876 0.0131579467329283 0.0012526649760561 0.0424505924668466 0.451941997903689 0.140652349168171 0.00146550714252559 0.0166666666666667 6 4069 4565 4410 4616 4305 4032
-795.381973235685 0.0937085087589591 3.00621826336263 0.60532161021141 0.89067119973517 6.44874027669509 4.74152832158694 2.69651412325462 0.00203558245558461 0.0131927883170869 0.000452575224750807 0.0406118480251714 0.466111287284255 0.163541157786785 0.00131772104025475 0.0166666666666667 6 4069 4565 4410 4616 4305 4032
-794.874058413544 0.0606313116487878 2.9466249112055 1.28093106769167 1.43693634802693 6.34496988153386 4.94718425136121 2.74919863427252 0.00217492780510917 0.0134097675464617 0.00125924881201233 0.040016416642815 0.489473933445822 0.133336598599788 0.00133001072860559 0.0166666666666667 6 4069 4565 4410 4616 4305 4032
-795.053085612996 0.0554061545538924 3.30395106943425 -0.891283511240828 1.48457693770411 6.11146066983871 4.85304457041784 2.3031959240331 0.00165294635923613 0.0151900749617821 0.00137309442892324 0.0346617572896137 0.464465319339246 0.172007288700717 0.000951907109243219 0.0166666666666667 6 4069 4565 4410 4616 4305 4032
-794.561130065875 0.08460574629403 3.55785016327378 -1.0655809027664 1.63053602888039 6.33874295670825 5.06019099213814 2.57654544558201 0.00264595876156646 0.0122956269859825 0.00132866377217744 0.0455994308480103 0.458424839349207 0.120664958414122 0.00144418506582239 0.0166666666666667 6 4069 4565 4410 4616 4305 4032
-794.856282677651 0.0893208765985503 3.25297227229112 0.453858876236242 1.69387799462131 6.27537800827766 4.9491785166215 2.66339365275772 0.00230366681553065 0.0129109265210917 0.000403187975860658 0.0460062785775137 0.459323863863604 0.133248644661374 0.000497656749339529 0.0166666666666667 6 4069 4565 4410 4616 4305 4032
-794.758431119879 0.0733975073447363 2.97239699588884 1.23610723072668 1.71429888977984 6.09820987988187 4.8742322641891 2.56188407066623 0.00164627316402697 0.0145363276222136 0.00197875450198542 0.0358058509299597 0.475398956769014 0.157601116497556 0.000607180264932156 0.0166666666666667 6 4069 4565 4410 4616 4305 4032
-794.752381035998 0.0700102394152624 3.35378740746851 0.076964170035836 1.59415427656808 6.25194952862972 5.06254027053925 2.52463033809574 0.00252605344951653 0.0128167512321056 0.000774751895564028 0.0467876031307845 0.455704672146913 0.133070340857966 0.00149010641801756 0.0166666666666667 6 4069 4565 4410 4616 4305 4032
-795.009874928928 0.0949397326740162 2.74861082731136 1.54486041902039 1.29600523379123 6.2530429570909 4.77089624588771 2.66693735774603 0.00192381545571814 0.013698574880549 0.00107463552685639 0.0370555810457672 0.481199704003851 0.158543045622269 0.000790381433575201 0.0166666666666667 6 4069 4565 4410 4616 4305 4032
-795.100825161178 0.0707190590107916 3.02737164810335 1.31012137015101 0.97804885919685 6.6253379179318 4.79087758211009 2.80301852467965 0.00248314634351397 0.0125055579370006 0.000846864270155484 0.0441778368456155 0.481799760342527 0.128181896815627 0.000596379895895211 0.0166666666666667 6 4069 4565 4410 4616 4305 4032
-795.26406212037 0.0666399634705386 3.01795308495893 -0.447973441506882 1.07841026349422 6.20515532954165 4.72499187790029 2.41091703050843 0.00137390838941406 0.0165882502681779 0.00148257642570044 0.0326671700353613 0.48454534276537 0.188486410782946 0.00107762822835226 0.0166666666666667 6 4069 4565 4410 4616 4305 4032
-794.860396196704 0.0549784824706455 3.07686192442498 1.41235081448368 1.53524839924999 6.420291325421 5.01054383835957 2.77850324092534 0.00245836252335951 0.0116550654081248 0.00118583247397344 0.0442686028167119 0.477273886449032 0.125851395541895 0.000859116733183092 0.0166666666666667 6 4069 4565 4410 4616 4305 4032
-795.028688863414 0.057231013662921 3.24953465307497 0.396705612392902 2.15062181888726 6.22051092336685 5.09336379682769 2.65695890297528 0.00231587453048322 0.0129669551802581 0.000299049642581158 0.0455672449807135 0.476765629625652 0.122149693731033 0.000819443458868898 0.0166666666666667 6 4069 4565 4410 4616 4305 4032
-795.332275620318 0.0582154707027761 3.08279013678724 -0.743737461939696 0.961519260046029 6.04350235445632 4.77159664053761 2.30821284837091 0.00141054258193587 0.0170502808811434 0.00221141687583069 0.033499523140199 0.456146779157145 0.192236428626968 0.00109195534363114 0.0166666666666667 6 4069 4565 4410 4616 4305 4032
-794.951285457741 0.0503267289799245 2.87388982227188 1.08898538805245 1.06474114738367 6.4747098822845 4.89004034717637 2.82132329701051 0.00228047779403397 0.0133282824370166 0.00147620560480171 0.0430587930668701 0.460763245428518 0.128858014825918 0.00184698072112344 0.0166666666666667 6 4069 4565 4410 4616 4305 4032
-795.051486469919 0.0794434010974881 3.96544717637613 -3.44944364545894 1.93903504347108 6.13045514804027 5.25123368948948 2.29850645050881 0.00259384010841586 0.0128365645471315 0.00118562063753765 0.044982818391824 0.463789758317541 0.132385264888582 0.00137028393722792 0.0166666666666667 6 4069 4565 4410 4616 4305 4032
-794.635584399537 0.0687049049364656 3.27646593638629 -0.128201543281905 1.37308260576204 6.41180955541731 4.92147244924372 2.63887168755212 0.00221266472873792 0.0129244449789098 0.00145539782789333 0.0403757252017066 0.473031806193711 0.137886600704629 0.00149700086388849 0.0166666666666667 6 4069 4565 4410 4616 4305 4032
-794.793767354205 0.0850704870613696 2.94320346630789 1.24521234550131 1.40157109758518 6.22548517197691 4.9351124531535 2.65518812459634 0.00190341317209257 0.0134971371233159 0.00112174725940887 0.0372264689924031 0.495719189139034 0.151411312470439 0.000916961948224416 0.0166666666666667 6 4069 4565 4410 4616 4305 4032
-795.191386002688 0.0747278312559252 3.16770733586251 1.27524818527236 0.79437355368385 6.6846616043393 4.87037925806149 2.7601877281939 0.00257564106319374 0.0120331453014652 0.00106093385907353 0.0470107634722824 0.468652406273194 0.124829938574898 0.0020973037252478 0.0166666666666667 6 4069 4565 4410 4616 4305 4032
-794.854732237406 0.062823909592934 2.81398295896963 1.67269978035249 0.955378940745071 6.47678319710215 4.73812238063473 2.73748029067726 0.00198159651654104 0.0132882552116482 0.0014305280398806 0.0405259315871752 0.473308316486589 0.151572364732793 0.00101652098471978 0.0166666666666667 6 4069 4565 4410 4616 4305 4032
-795.628139950681 0.087586386167463 2.44435538968595 2.5726605755304 0.817279113787317 6.65952128171113 4.62589969930035 3.03488703525995 0.00197594587520461 0.0129164178273395 0.000606099713995634 0.0371086712192482 0.52168331996197 0.145837607393874 0.000862114222933107 0.0166666666666667 6 4069 4565 4410 4616 4305 4032
-795.078924305117 0.0751888339713151 3.14682410259588 0.94967884949734 1.19406292109741 6.39651128292729 4.8402278557941 2.6032873374752 0.00230985426142042 0.0129085944998201 0.000967771105169667 0.0417478421390833 0.483003330203776 0.14373738544786 0.000573664691865212 0.0166666666666667 6 4069 4565 4410 4616 4305 4032
-795.173552237469 0.0487685996170569 2.64827976361888 1.75753363633653 2.01402853013495 6.08763626697489 4.8319137368566 2.69191645588153 0.00165091497331801 0.01424373492458 0.00161997113249307 0.0371829938989371 0.464462379516051 0.157813070132358 0.000226088205226008 0.0166666666666667 6 4069 4565 4410 4616 4305 4032
-971.337841394634 5.72104746341626 3.65901351180383 -2.16166576404979 1.71414410294069 6.2682929121909 5.06945091756506 2.46611837549525 0.00253818391774423 0.013445332188763 0.000551371688094382 0.0450848720218204 0.453041178838532 0.127357612628684 0.00145798245130224 0.0166666666666667 6 4069 4565 4410 4616 4305 4032
-795.254156992486 0.0436290463169174 3.11511211443138 -0.29402492929231 1.46193865441162 6.13419004981955 4.71539448111126 2.44947194479441 0.00146552421671153 0.0156878904002894 0.00139716356497424 0.0294801147648085 0.511102039030491 0.179641500786421 0.000710624454971422 0.0166666666666667 6 4069 4565 4410 4616 4305 4032
-794.951378544352 0.0768839238546366 2.7932761935622 1.55699231684926 1.25222040217283 6.39796947349824 4.77007550284092 2.81705087143416 0.0018425008063901 0.0133796897219148 0.000741078768669759 0.0383411355642608 0.475288531899848 0.152815329004975 0.000645632489289628 0.0166666666666667 6 4069 4565 4410 4616 4305 4032
-794.972147327868 0.0530430485759087 3.59258806891076 -1.02804047675958 1.7760940296686 6.0822588460966 5.08735165827236 2.2914247967477 0.00206906466471872 0.0140775041426162 0.00162229504610265 0.0388279051194863 0.450751116076899 0.137844025732255 0.000931906287439191 0.0166666666666667 6 4069 4565 4410 4616 4305 4032
-794.87780438442 0.0665577364772952 2.91878787024629 1.64587641158786 1.42931258863508 6.57958440054828 4.89560022153143 2.95537426417028 0.00254841690639153 0.0123523284352949 0.000975346322386887 0.0462431473025764 0.470381837320595 0.112540847911568 0.000942056038257822 0.0166666666666667 6 4069 4565 4410 4616 4305 4032
-794.548335184354 0.0544078330798018 3.13295592754938 0.743048514547626 1.49654886504604 6.37634900491998 4.84341673078778 2.76339062370524 0.00226731481726363 0.0124378059265308 0.0012251942681947 0.0443325567996337 0.46250571251097 0.138171780883439 0.00111064416837774 0.0166666666666667 6 4069 4565 4410 4616 4305 4032
-796.920517747806 0.0747159829736886 2.4158193476953 0.123597520788072 1.12758757047556 5.70985341812911 4.37172057549909 2.19487618265216 0.000175523901955011 0.0851305620435029 0.00168673352647512 0.0100814955943479 0.548213317556524 0.296889136733719 7.91870969305955e-05 0.0166666666666667 6 4069 4565 4410 4616 4305 4032
-795.0133307666 0.064086794500426 3.27360098349826 0.30412975390655 1.71177811788853 6.07763959202884 4.88802351670528 2.51941463547973 0.00194325989183412 0.0131774652631198 0.00170154247030571 0.0424464635911539 0.432012812706438 0.158610091956732 0.000584868227416267 0.0166666666666667 6 4069 4565 4410 4616 4305 4032
-794.815139753064 0.0916209461687216 3.20825268395548 0.232328979856468 1.47228453365172 6.08374265606776 4.99705833369711 2.42087735744285 0.00190964114871826 0.0134811828386999 0.00128701713793569 0.0395782040019651 0.472172748013323 0.160262137664534 0.000741217299220035 0.0166666666666667 6 4069 4565 4410 4616 4305 4032
